3967
0,7,6,0
0,7,7,0
0,7,8,0
0,7,9,0
0,7,10,0
0,7,11,0
0,7,12,0
0,7,13,0
1,7,6,1
1,7,7,1
1,7,8,1
1,7,9,1
1,7,10,1
1,7,11,1
1,7,12,1
1,7,13,1
2,7,6,1
2,7,7,1
2,7,8,1
2,7,9,1
2,7,10,1
2,7,11,1
2,7,12,1
2,7,13,1
3,7,6,1
3,7,7,1
3,7,8,1
3,7,9,1
3,7,10,1
3,7,11,1
3,7,12,1
3,7,13,1
4,7,6,1
4,7,7,1
4,7,8,1
4,7,9,1
4,7,10,1
4,7,11,1
4,7,12,1
4,7,13,1
5,7,5,1
5,7,6,1
5,7,7,1
5,7,8,1
5,7,9,1
5,7,10,1
5,7,11,1
5,7,12,1
5,7,13,1
5,7,14,1
6,6,9,2
6,6,10,2
6,7,5,1
6,7,6,1
6,7,7,1
6,7,8,1
6,7,9,1
6,7,10,1
6,7,11,1
6,7,12,1
6,7,13,1
6,7,14,1
7,6,9,2
7,6,10,2
7,7,5,1
7,7,6,1
7,7,7,1
7,7,8,1
7,7,9,1
7,7,10,1
7,7,11,1
7,7,12,1
7,7,13,1
7,7,14,1
8,6,8,2
8,6,9,2
8,6,10,2
8,6,11,2
8,7,5,1
8,7,6,1
8,7,7,1
8,7,8,1
8,7,9,1
8,7,10,1
8,7,11,1
8,7,12,1
8,7,13,1
8,7,14,1
9,5,9,3
9,5,10,3
9,6,7,2
9,6,8,2
9,6,9,2
9,6,10,2
9,6,11,2
9,6,12,2
9,7,4,1
9,7,5,1
9,7,6,1
9,7,7,1
9,7,8,1
9,7,9,1
9,7,10,1
9,7,11,1
9,7,12,1
9,7,13,1
9,7,14,1
9,7,15,1
10,4,9,3
10,4,10,3
10,5,8,3
10,5,9,3
10,5,10,3
10,5,11,3
10,6,7,2
10,6,8,2
10,6,9,2
10,6,10,2
10,6,11,2
10,6,12,2
10,7,4,1
10,7,5,1
10,7,6,1
10,7,7,1
10,7,8,1
10,7,9,1
10,7,10,1
10,7,11,1
10,7,12,1
10,7,13,1
10,7,14,1
10,7,15,1
11,3,9,2
11,3,10,2
11,4,8,3
11,4,9,3
11,4,10,3
11,4,11,3
11,5,8,3
11,5,9,3
11,5,10,3
11,5,11,3
11,6,7,2
11,6,8,2
11,6,9,2
11,6,10,2
11,6,11,2
11,6,12,2
11,7,4,1
11,7,5,1
11,7,6,1
11,7,7,1
11,7,8,1
11,7,9,1
11,7,10,1
11,7,11,1
11,7,12,1
11,7,13,1
11,7,14,1
11,7,15,1
12,2,9,3
12,2,10,3
12,3,8,2
12,3,9,2
12,3,10,2
12,3,11,2
12,4,8,3
12,4,9,3
12,4,10,3
12,4,11,3
12,5,8,3
12,5,9,3
12,5,10,3
12,5,11,3
12,6,6,2
12,6,7,2
12,6,8,2
12,6,9,2
12,6,10,2
12,6,11,2
12,6,12,2
12,6,13,2
12,7,4,1
12,7,5,1
12,7,6,1
12,7,7,1
12,7,8,1
12,7,9,1
12,7,10,1
12,7,11,1
12,7,12,1
12,7,13,1
12,7,14,1
12,7,15,1
13,0,9,2
13,0,10,2
13,1,9,3
13,1,10,3
13,2,9,3
13,2,10,3
13,3,7,2
13,3,8,2
13,3,9,4
13,3,10,4
13,3,11,2
13,3,12,2
13,4,7,3
13,4,8,3
13,4,9,3
13,4,10,3
13,4,11,3
13,4,12,3
13,5,7,3
13,5,8,3
13,5,9,3
13,5,10,3
13,5,11,3
13,5,12,3
13,6,6,2
13,6,7,2
13,6,8,2
13,6,9,2
13,6,10,2
13,6,11,2
13,6,12,2
13,6,13,2
13,7,3,1
13,7,4,1
13,7,5,1
13,7,6,1
13,7,7,1
13,7,8,1
13,7,9,1
13,7,10,1
13,7,11,1
13,7,12,1
13,7,13,1
13,7,14,1
13,7,15,1
13,7,16,1
14,0,8,2
14,0,9,2
14,0,10,2
14,0,11,2
14,1,8,3
14,1,9,3
14,1,10,3
14,1,11,3
14,2,8,3
14,2,9,3
14,2,10,3
14,2,11,3
14,3,7,2
14,3,8,4
14,3,9,4
14,3,10,4
14,3,11,4
14,3,12,2
14,4,7,3
14,4,8,5
14,4,9,6
14,4,10,6
14,4,11,5
14,4,12,3
14,5,7,3
14,5,12,3
14,6,5,2
14,6,6,2
14,6,7,2
14,6,8,7
14,6,11,8
14,6,12,2
14,6,13,2
14,7,3,1
14,7,4,1
14,7,5,1
14,7,6,1
14,7,7,1
14,7,8,1
14,7,9,1
14,7,10,1
14,7,11,1
14,7,12,1
14,7,13,1
14,7,14,1
14,7,15,1
14,7,16,1
15,0,8,2
15,0,9,2
15,0,10,2
15,0,11,2
15,1,8,3
15,1,9,9
15,1,10,9
15,1,11,3
15,2,8,3
15,2,9,10
15,2,10,10
15,2,11,3
15,3,6,2
15,3,7,2
15,3,8,4
15,3,9,4
15,3,10,4
15,3,11,4
15,3,12,2
15,3,13,2
15,4,6,3
15,4,7,3
15,4,12,3
15,4,13,3
15,5,6,3
15,5,7,3
15,5,12,3
15,5,13,3
15,6,5,2
15,6,6,2
15,6,7,2
15,6,12,2
15,6,13,2
15,6,14,2
15,7,3,1
15,7,4,1
15,7,5,1
15,7,6,1
15,7,7,1
15,7,8,1
15,7,9,1
15,7,10,1
15,7,11,1
15,7,12,1
15,7,13,1
15,7,14,1
15,7,15,1
15,7,16,1
16,0,7,2
16,0,8,2
16,0,9,2
16,0,10,2
16,0,11,2
16,0,12,2
16,1,7,3
16,1,8,3
16,1,9,10
16,1,10,10
16,1,11,3
16,1,12,3
16,2,7,3
16,2,8,3
16,2,9,10
16,2,10,10
16,2,11,3
16,2,12,3
16,3,6,2
16,3,7,4
16,3,8,4
16,3,9,4
16,3,10,4
16,3,11,4
16,3,12,4
16,3,13,2
16,4,6,3
16,4,13,3
16,5,6,3
16,5,13,3
16,6,5,2
16,6,6,2
16,6,13,2
16,6,14,2
16,7,3,1
16,7,4,1
16,7,5,1
16,7,6,1
16,7,7,1
16,7,8,1
16,7,9,1
16,7,10,1
16,7,11,1
16,7,12,1
16,7,13,1
16,7,14,1
16,7,15,1
16,7,16,1
17,0,7,2
17,0,8,2
17,0,9,2
17,0,10,2
17,0,11,2
17,0,12,2
17,1,7,3
17,1,8,10
17,1,9,10
17,1,10,10
17,1,11,10
17,1,12,3
17,2,7,3
17,2,8,8
17,2,9,10
17,2,10,10
17,2,11,8
17,2,12,3
17,3,6,2
17,3,7,4
17,3,8,4
17,3,9,4
17,3,10,4
17,3,11,4
17,3,12,4
17,3,13,2
17,4,6,3
17,4,7,11
17,4,12,12
17,4,13,3
17,5,6,3
17,5,13,3
17,6,4,2
17,6,5,2
17,6,6,2
17,6,13,2
17,6,14,2
17,7,2,1
17,7,3,1
17,7,4,1
17,7,5,1
17,7,6,1
17,7,7,1
17,7,8,1
17,7,9,1
17,7,10,1
17,7,11,1
17,7,12,1
17,7,13,1
17,7,14,1
17,7,15,1
17,7,16,1
17,7,17,1
18,0,7,2
18,0,8,2
18,0,9,2
18,0,10,2
18,0,11,2
18,0,12,2
18,1,7,3
18,1,8,10
18,1,9,10
18,1,10,10
18,1,11,10
18,1,12,3
18,2,7,3
18,2,8,10
18,2,9,10
18,2,10,10
18,2,11,10
18,2,12,3
18,3,5,2
18,3,6,2
18,3,7,4
18,3,8,4
18,3,9,4
18,3,10,4
18,3,11,4
18,3,12,4
18,3,13,2
18,3,14,2
18,4,5,3
18,4,6,3
18,4,7,11
18,4,12,12
18,4,13,3
18,4,14,3
18,5,5,3
18,5,6,3
18,5,13,3
18,5,14,3
18,6,4,2
18,6,5,2
18,6,6,2
18,6,13,2
18,6,14,2
18,6,15,2
18,7,2,1
18,7,3,1
18,7,4,1
18,7,5,1
18,7,6,1
18,7,7,1
18,7,8,1
18,7,9,1
18,7,10,1
18,7,11,1
18,7,12,1
18,7,13,1
18,7,14,1
18,7,15,1
18,7,16,1
18,7,17,1
19,0,6,2
19,0,7,2
19,0,8,2
19,0,9,2
19,0,10,2
19,0,11,2
19,0,12,2
19,0,13,2
19,1,6,3
19,1,7,3
19,1,8,10
19,1,9,10
19,1,10,10
19,1,11,10
19,1,12,3
19,1,13,3
19,2,6,3
19,2,7,3
19,2,8,10
19,2,9,10
19,2,10,10
19,2,11,10
19,2,12,3
19,2,13,3
19,3,5,2
19,3,6,4
19,3,7,4
19,3,8,4
19,3,9,4
19,3,10,4
19,3,11,4
19,3,12,4
19,3,13,4
19,3,14,2
19,4,5,3
19,4,14,3
19,5,5,13
19,5,14,13
19,6,4,2
19,6,5,2
19,6,14,2
19,6,15,2
19,7,2,1
19,7,3,1
19,7,4,1
19,7,5,1
19,7,6,1
19,7,7,1
19,7,8,1
19,7,9,1
19,7,10,1
19,7,11,1
19,7,12,1
19,7,13,1
19,7,14,1
19,7,15,1
19,7,16,1
19,7,17,1
20,0,6,2
20,0,7,14
20,0,8,2
20,0,9,2
20,0,10,2
20,0,11,2
20,0,12,14
20,0,13,2
20,1,6,3
20,1,7,11
20,1,8,10
20,1,9,10
20,1,10,10
20,1,11,10
20,1,12,12
20,1,13,3
20,2,6,3
20,2,7,10
20,2,8,10
20,2,9,10
20,2,10,10
20,2,11,10
20,2,12,10
20,2,13,3
20,3,5,2
20,3,6,4
20,3,7,4
20,3,8,4
20,3,9,4
20,3,10,4
20,3,11,4
20,3,12,4
20,3,13,4
20,3,14,2
20,4,5,3
20,4,14,3
20,5,5,3
20,5,14,3
20,6,4,2
20,6,5,2
20,6,6,7
20,6,13,15
20,6,14,2
20,6,15,2
20,7,2,1
20,7,3,1
20,7,4,1
20,7,5,1
20,7,6,1
20,7,7,1
20,7,8,1
20,7,9,1
20,7,10,1
20,7,11,1
20,7,12,1
20,7,13,1
20,7,14,1
20,7,15,1
20,7,16,1
20,7,17,1
21,0,6,2
21,0,7,14
21,0,8,2
21,0,9,2
21,0,10,2
21,0,11,2
21,0,12,14
21,0,13,2
21,1,6,3
21,1,7,11
21,1,8,10
21,1,9,10
21,1,10,10
21,1,11,10
21,1,12,12
21,1,13,3
21,2,6,3
21,2,7,10
21,2,8,10
21,2,9,10
21,2,10,10
21,2,11,10
21,2,12,10
21,2,13,3
21,3,5,2
21,3,6,4
21,3,7,4
21,3,8,4
21,3,9,4
21,3,10,4
21,3,11,4
21,3,12,4
21,3,13,4
21,3,14,2
21,4,5,3
21,4,14,3
21,5,5,13
21,5,14,13
21,6,3,2
21,6,4,2
21,6,5,2
21,6,14,2
21,6,15,2
21,6,16,2
21,7,1,1
21,7,2,1
21,7,3,1
21,7,4,1
21,7,5,1
21,7,6,1
21,7,7,1
21,7,8,1
21,7,9,1
21,7,10,1
21,7,11,1
21,7,12,1
21,7,13,1
21,7,14,1
21,7,15,1
21,7,16,1
21,7,17,1
21,7,18,1
22,0,6,2
22,0,7,14
22,0,8,2
22,0,9,2
22,0,10,2
22,0,11,2
22,0,12,14
22,0,13,2
22,1,6,3
22,1,7,10
22,1,8,10
22,1,9,10
22,1,10,10
22,1,11,10
22,1,12,10
22,1,13,3
22,2,6,3
22,2,7,10
22,2,8,16
22,2,9,10
22,2,10,10
22,2,11,16
22,2,12,10
22,2,13,3
22,3,4,2
22,3,5,2
22,3,6,4
22,3,7,4
22,3,8,4
22,3,9,4
22,3,10,4
22,3,11,4
22,3,12,4
22,3,13,4
22,3,14,2
22,3,15,2
22,4,4,3
22,4,5,3
22,4,14,3
22,4,15,3
22,5,4,3
22,5,5,3
22,5,14,3
22,5,15,3
22,6,3,2
22,6,4,2
22,6,5,2
22,6,8,16
22,6,11,16
22,6,14,2
22,6,15,2
22,6,16,2
22,7,1,1
22,7,2,1
22,7,3,1
22,7,4,1
22,7,5,1
22,7,6,1
22,7,7,1
22,7,8,1
22,7,9,1
22,7,10,1
22,7,11,1
22,7,12,1
22,7,13,1
22,7,14,1
22,7,15,1
22,7,16,1
22,7,17,1
22,7,18,1
23,0,5,2
23,0,6,2
23,0,7,2
23,0,8,2
23,0,9,2
23,0,10,2
23,0,11,2
23,0,12,2
23,0,13,2
23,0,14,2
23,1,5,3
23,1,6,3
23,1,7,3
23,1,8,2
23,1,9,17
23,1,10,17
23,1,11,2
23,1,12,3
23,1,13,3
23,1,14,3
23,2,5,3
23,2,6,3
23,2,7,3
23,2,8,2
23,2,9,18
23,2,10,19
23,2,11,2
23,2,12,3
23,2,13,3
23,2,14,3
23,3,4,2
23,3,5,2
23,3,6,2
23,3,7,2
23,3,8,2
23,3,9,2
23,3,10,2
23,3,11,2
23,3,12,2
23,3,13,2
23,3,14,2
23,3,15,2
23,4,4,3
23,4,5,20
23,4,6,20
23,4,7,17
23,4,8,17
23,4,9,20
23,4,10,20
23,4,11,17
23,4,12,17
23,4,13,20
23,4,14,20
23,4,15,3
23,5,4,3
23,5,5,20
23,5,6,20
23,5,7,18
23,5,8,19
23,5,9,20
23,5,10,20
23,5,11,18
23,5,12,19
23,5,13,20
23,5,14,20
23,5,15,3
23,6,3,2
23,6,4,2
23,6,5,20
23,6,6,20
23,6,7,20
23,6,8,20
23,6,9,20
23,6,10,20
23,6,11,20
23,6,12,20
23,6,13,20
23,6,14,20
23,6,15,2
23,6,16,2
23,7,1,1
23,7,2,1
23,7,3,1
23,7,4,1
23,7,5,1
23,7,6,1
23,7,7,1
23,7,8,1
23,7,9,1
23,7,10,1
23,7,11,1
23,7,12,1
23,7,13,1
23,7,14,1
23,7,15,1
23,7,16,1
23,7,17,1
23,7,18,1
24,0,5,2
24,0,6,14
24,0,7,2
24,0,8,2
24,0,9,2
24,0,10,2
24,0,11,2
24,0,12,2
24,0,13,14
24,0,14,2
24,1,5,3
24,1,6,10
24,1,7,10
24,1,8,10
24,1,9,10
24,1,10,10
24,1,11,10
24,1,12,10
24,1,13,10
24,1,14,3
24,2,5,3
24,2,6,10
24,2,7,10
24,2,8,8
24,2,9,10
24,2,10,10
24,2,11,8
24,2,12,10
24,2,13,10
24,2,14,3
24,3,4,2
24,3,5,4
24,3,6,4
24,3,7,4
24,3,8,4
24,3,9,4
24,3,10,4
24,3,11,4
24,3,12,4
24,3,13,4
24,3,14,4
24,3,15,2
24,4,4,3
24,4,15,3
24,5,4,3
24,5,15,3
24,6,3,2
24,6,4,2
24,6,5,7
24,6,9,8
24,6,10,8
24,6,14,15
24,6,15,2
24,6,16,2
24,7,1,1
24,7,2,1
24,7,3,1
24,7,4,1
24,7,5,1
24,7,6,1
24,7,7,1
24,7,8,1
24,7,9,1
24,7,10,1
24,7,11,1
24,7,12,1
24,7,13,1
24,7,14,1
24,7,15,1
24,7,16,1
24,7,17,1
24,7,18,1
25,0,5,2
25,0,6,14
25,0,7,2
25,0,8,2
25,0,9,2
25,0,10,2
25,0,11,2
25,0,12,2
25,0,13,14
25,0,14,2
25,1,5,3
25,1,6,10
25,1,7,10
25,1,8,10
25,1,9,10
25,1,10,10
25,1,11,10
25,1,12,10
25,1,13,10
25,1,14,3
25,2,5,3
25,2,6,10
25,2,7,10
25,2,8,10
25,2,9,10
25,2,10,10
25,2,11,10
25,2,12,10
25,2,13,10
25,2,14,3
25,3,4,2
25,3,5,4
25,3,6,4
25,3,7,4
25,3,8,4
25,3,9,4
25,3,10,4
25,3,11,4
25,3,12,4
25,3,13,4
25,3,14,4
25,3,15,2
25,4,4,3
25,4,15,3
25,5,4,13
25,5,15,13
25,6,3,2
25,6,4,2
25,6,15,2
25,6,16,2
25,7,1,1
25,7,2,1
25,7,3,1
25,7,4,1
25,7,5,1
25,7,6,1
25,7,7,1
25,7,8,1
25,7,9,1
25,7,10,1
25,7,11,1
25,7,12,1
25,7,13,1
25,7,14,1
25,7,15,1
25,7,16,1
25,7,17,1
25,7,18,1
25,12,3,20
25,12,4,20
25,12,5,20
25,12,6,20
25,12,7,20
25,12,8,20
25,13,3,21
25,13,4,21
25,13,5,21
25,13,6,21
25,13,7,21
25,13,8,21
25,14,3,21
25,14,4,21
25,14,5,21
25,14,6,21
25,14,7,21
25,14,8,21
25,15,3,20
25,15,4,20
25,15,5,20
25,15,6,20
25,15,7,20
25,15,8,20
25,16,3,22
25,16,4,22
25,16,5,22
25,16,6,22
25,16,7,22
25,16,8,22
26,0,5,2
26,0,6,14
26,0,7,2
26,0,8,2
26,0,9,2
26,0,10,2
26,0,11,2
26,0,12,2
26,0,13,14
26,0,14,2
26,1,5,3
26,1,6,10
26,1,7,10
26,1,8,10
26,1,9,10
26,1,10,10
26,1,11,10
26,1,12,10
26,1,13,10
26,1,14,3
26,2,5,3
26,2,6,10
26,2,7,10
26,2,8,10
26,2,9,10
26,2,10,10
26,2,11,10
26,2,12,10
26,2,13,10
26,2,14,3
26,3,4,2
26,3,5,4
26,3,6,4
26,3,7,4
26,3,8,4
26,3,9,4
26,3,10,4
26,3,11,4
26,3,12,4
26,3,13,4
26,3,14,4
26,3,15,2
26,4,4,3
26,4,15,3
26,5,4,3
26,5,15,3
26,6,3,2
26,6,4,2
26,6,15,2
26,6,16,2
26,7,0,1
26,7,1,1
26,7,2,1
26,7,3,1
26,7,4,1
26,7,5,1
26,7,6,1
26,7,7,1
26,7,8,1
26,7,9,1
26,7,10,1
26,7,11,1
26,7,12,1
26,7,13,1
26,7,14,1
26,7,15,1
26,7,16,1
26,7,17,1
26,7,18,1
26,7,19,1
26,8,0,22
26,8,1,22
26,8,2,22
26,8,3,20
26,8,8,20
26,9,3,20
26,9,8,20
26,10,3,20
26,10,4,23
26,10,5,23
26,10,6,23
26,10,7,23
26,10,8,20
26,11,3,2
26,11,4,2
26,11,5,2
26,11,6,2
26,11,7,2
26,11,8,2
26,12,2,20
26,12,3,20
26,12,8,20
26,12,9,20
26,13,2,21
26,13,3,21
26,13,8,21
26,13,9,21
26,14,2,21
26,14,3,21
26,14,4,24
26,14,7,24
26,14,8,21
26,14,9,21
26,15,2,20
26,15,3,20
26,15,4,1
26,15,5,1
26,15,6,1
26,15,7,1
26,15,8,20
26,15,9,20
26,16,2,22
26,16,3,22
26,16,8,22
26,16,9,22
27,0,5,2
27,0,6,14
27,0,7,2
27,0,8,2
27,0,9,2
27,0,10,2
27,0,11,2
27,0,12,2
27,0,13,14
27,0,14,2
27,1,5,3
27,1,6,10
27,1,7,10
27,1,8,10
27,1,9,10
27,1,10,10
27,1,11,10
27,1,12,10
27,1,13,10
27,1,14,3
27,2,5,3
27,2,6,10
27,2,7,10
27,2,8,10
27,2,9,10
27,2,10,10
27,2,11,10
27,2,12,10
27,2,13,10
27,2,14,3
27,3,4,2
27,3,5,4
27,3,6,4
27,3,7,4
27,3,8,4
27,3,9,4
27,3,10,4
27,3,11,4
27,3,12,4
27,3,13,4
27,3,14,4
27,3,15,2
27,4,4,3
27,4,15,3
27,5,4,13
27,5,15,13
27,6,2,2
27,6,3,2
27,6,4,2
27,6,15,2
27,6,16,2
27,6,17,2
27,7,0,1
27,7,1,1
27,7,2,1
27,7,3,1
27,7,4,1
27,7,5,1
27,7,6,1
27,7,7,1
27,7,8,1
27,7,9,1
27,7,10,1
27,7,11,1
27,7,12,1
27,7,13,1
27,7,14,1
27,7,15,1
27,7,16,1
27,7,17,1
27,7,18,1
27,7,19,1
27,8,0,22
27,10,3,23
27,10,8,23
27,11,3,2
27,11,4,4
27,11,5,4
27,11,6,4
27,11,7,4
27,11,8,2
27,12,2,20
27,12,9,20
27,13,2,21
27,13,9,21
27,14,2,21
27,14,9,21
27,15,2,20
27,15,3,1
27,15,4,1
27,15,5,1
27,15,6,1
27,15,7,1
27,15,8,1
27,15,9,20
27,16,2,22
27,16,9,22
28,0,5,2
28,0,6,14
28,0,7,2
28,0,8,2
28,0,9,2
28,0,10,2
28,0,11,2
28,0,12,2
28,0,13,14
28,0,14,2
28,1,5,3
28,1,6,10
28,1,7,10
28,1,8,10
28,1,9,10
28,1,10,10
28,1,11,10
28,1,12,10
28,1,13,10
28,1,14,3
28,2,5,3
28,2,6,10
28,2,7,10
28,2,8,16
28,2,9,10
28,2,10,10
28,2,11,16
28,2,12,10
28,2,13,10
28,2,14,3
28,3,1,22
28,3,2,22
28,3,3,2
28,3,4,2
28,3,5,4
28,3,6,4
28,3,7,4
28,3,8,4
28,3,9,4
28,3,10,4
28,3,11,4
28,3,12,4
28,3,13,4
28,3,14,4
28,3,15,2
28,3,16,2
28,3,17,22
28,3,18,22
28,4,1,22
28,4,2,22
28,4,3,3
28,4,4,3
28,4,15,3
28,4,16,3
28,4,17,22
28,4,18,22
28,5,3,3
28,5,4,3
28,5,15,3
28,5,16,3
28,6,2,2
28,6,3,2
28,6,4,2
28,6,5,7
28,6,9,16
28,6,10,16
28,6,14,15
28,6,15,2
28,6,16,2
28,6,17,2
28,7,0,1
28,7,1,1
28,7,2,1
28,7,3,1
28,7,4,1
28,7,5,1
28,7,6,1
28,7,7,1
28,7,8,1
28,7,9,1
28,7,10,1
28,7,11,1
28,7,12,1
28,7,13,1
28,7,14,1
28,7,15,1
28,7,16,1
28,7,17,1
28,7,18,1
28,7,19,1
28,8,0,22
28,10,3,23
28,10,8,23
28,11,3,2
28,11,4,4
28,11,5,4
28,11,6,4
28,11,7,4
28,11,8,2
28,12,2,20
28,12,9,20
28,13,2,21
28,13,9,21
28,14,2,21
28,14,9,21
28,15,2,20
28,15,3,1
28,15,4,1
28,15,5,1
28,15,6,1
28,15,7,1
28,15,8,1
28,15,9,20
28,16,2,22
28,16,9,22
29,0,4,2
29,0,5,2
29,0,6,2
29,0,7,2
29,0,8,2
29,0,9,2
29,0,10,2
29,0,11,2
29,0,12,2
29,0,13,2
29,0,14,2
29,0,15,2
29,1,4,3
29,1,5,3
29,1,6,3
29,1,7,3
29,1,8,2
29,1,9,25
29,1,10,25
29,1,11,2
29,1,12,3
29,1,13,3
29,1,14,3
29,1,15,3
29,2,4,3
29,2,5,3
29,2,6,3
29,2,7,3
29,2,8,2
29,2,9,19
29,2,10,18
29,2,11,2
29,2,12,3
29,2,13,3
29,2,14,3
29,2,15,3
29,3,1,22
29,3,2,4
29,3,3,2
29,3,4,2
29,3,5,2
29,3,6,2
29,3,7,2
29,3,8,2
29,3,9,2
29,3,10,2
29,3,11,2
29,3,12,2
29,3,13,2
29,3,14,2
29,3,15,2
29,3,16,2
29,3,17,4
29,3,18,22
29,4,1,22
29,4,3,3
29,4,4,20
29,4,5,20
29,4,6,25
29,4,7,25
29,4,8,20
29,4,9,20
29,4,10,20
29,4,11,20
29,4,12,25
29,4,13,25
29,4,14,20
29,4,15,20
29,4,16,3
29,4,18,22
29,5,3,3
29,5,4,20
29,5,5,20
29,5,6,19
29,5,7,18
29,5,8,20
29,5,9,20
29,5,10,20
29,5,11,20
29,5,12,19
29,5,13,18
29,5,14,20
29,5,15,20
29,5,16,3
29,6,2,2
29,6,3,2
29,6,4,20
29,6,5,20
29,6,6,20
29,6,7,20
29,6,8,20
29,6,9,20
29,6,10,20
29,6,11,20
29,6,12,20
29,6,13,20
29,6,14,20
29,6,15,20
29,6,16,2
29,6,17,2
29,7,0,1
29,7,1,1
29,7,2,1
29,7,3,1
29,7,4,1
29,7,5,1
29,7,6,1
29,7,7,1
29,7,8,1
29,7,9,1
29,7,10,1
29,7,11,1
29,7,12,1
29,7,13,1
29,7,14,1
29,7,15,1
29,7,16,1
29,7,17,1
29,7,18,1
29,7,19,1
29,8,0,22
29,8,3,20
29,8,4,20
29,8,5,20
29,8,6,25
29,8,7,20
29,8,8,20
29,9,3,20
29,9,4,20
29,9,5,20
29,9,6,19
29,9,7,20
29,9,8,20
29,10,3,20
29,10,4,20
29,10,5,20
29,10,6,20
29,10,7,20
29,10,8,20
29,11,3,2
29,11,4,4
29,11,5,4
29,11,6,4
29,11,7,4
29,11,8,2
29,12,2,20
29,12,9,20
29,13,2,21
29,13,9,21
29,14,2,21
29,14,9,21
29,15,2,20
29,15,3,1
29,15,4,1
29,15,5,1
29,15,6,1
29,15,7,1
29,15,8,1
29,15,9,20
29,16,2,22
29,16,9,22
30,0,4,2
30,0,5,2
30,0,6,2
30,0,7,2
30,0,8,2
30,0,9,2
30,0,10,2
30,0,11,2
30,0,12,2
30,0,13,2
30,0,14,2
30,0,15,2
30,1,4,3
30,1,5,10
30,1,6,10
30,1,7,10
30,1,8,10
30,1,9,10
30,1,10,10
30,1,11,10
30,1,12,10
30,1,13,10
30,1,14,10
30,1,15,3
30,2,4,3
30,2,5,10
30,2,6,10
30,2,7,10
30,2,8,8
30,2,9,10
30,2,10,10
30,2,11,8
30,2,12,10
30,2,13,10
30,2,14,10
30,2,15,3
30,3,1,22
30,3,2,4
30,3,3,2
30,3,4,4
30,3,5,4
30,3,6,4
30,3,7,4
30,3,8,4
30,3,9,4
30,3,10,4
30,3,11,4
30,3,12,4
30,3,13,4
30,3,14,4
30,3,15,4
30,3,16,2
30,3,17,4
30,3,18,22
30,4,1,22
30,4,3,26
30,4,9,9
30,4,10,9
30,4,16,27
30,4,18,22
30,5,3,19
30,5,16,19
30,6,2,2
30,6,3,2
30,6,8,8
30,6,11,8
30,6,16,2
30,6,17,2
30,7,0,1
30,7,1,1
30,7,2,1
30,7,3,1
30,7,4,1
30,7,5,1
30,7,6,1
30,7,7,1
30,7,8,1
30,7,9,1
30,7,10,1
30,7,11,1
30,7,12,1
30,7,13,1
30,7,14,1
30,7,15,1
30,7,16,1
30,7,17,1
30,7,18,1
30,7,19,1
30,8,0,22
30,8,3,20
30,8,8,20
30,9,3,20
30,9,8,20
30,10,3,20
30,10,4,7
30,10,7,15
30,10,8,20
30,11,3,2
30,11,4,4
30,11,5,4
30,11,6,4
30,11,7,4
30,11,8,2
30,12,2,20
30,12,3,28
30,12,8,29
30,12,9,20
30,13,2,20
30,13,9,20
30,14,2,20
30,14,3,24
30,14,8,24
30,14,9,20
30,15,2,20
30,15,3,20
30,15,4,1
30,15,5,1
30,15,6,1
30,15,7,1
30,15,8,20
30,15,9,20
30,16,2,22
30,16,3,22
30,16,8,22
30,16,9,22
31,0,4,2
31,0,5,2
31,0,6,2
31,0,7,2
31,0,8,2
31,0,9,2
31,0,10,2
31,0,11,2
31,0,12,2
31,0,13,2
31,0,14,2
31,0,15,2
31,1,4,3
31,1,5,10
31,1,6,10
31,1,7,10
31,1,8,10
31,1,9,10
31,1,10,10
31,1,11,10
31,1,12,10
31,1,13,10
31,1,14,23
31,1,15,3
31,2,4,3
31,2,5,10
31,2,6,10
31,2,7,10
31,2,8,10
31,2,9,10
31,2,10,10
31,2,11,10
31,2,12,10
31,2,13,10
31,2,14,23
31,2,15,3
31,3,1,22
31,3,2,4
31,3,3,2
31,3,4,4
31,3,5,4
31,3,6,4
31,3,7,4
31,3,8,4
31,3,9,4
31,3,10,4
31,3,11,4
31,3,12,4
31,3,13,4
31,3,14,30
31,3,15,4
31,3,16,2
31,3,17,4
31,3,18,22
31,4,1,22
31,4,3,3
31,4,5,31
31,4,16,3
31,4,18,22
31,5,3,3
31,5,16,3
31,6,2,2
31,6,3,2
31,6,16,2
31,6,17,2
31,7,0,1
31,7,1,1
31,7,2,1
31,7,3,1
31,7,4,1
31,7,6,1
31,7,7,1
31,7,8,1
31,7,9,1
31,7,10,1
31,7,11,1
31,7,12,1
31,7,13,1
31,7,14,1
31,7,15,1
31,7,16,1
31,7,17,1
31,7,18,1
31,7,19,1
31,8,0,22
31,8,3,20
31,8,8,20
31,9,3,13
31,9,8,13
31,10,3,20
31,10,8,20
31,11,3,2
31,11,4,4
31,11,5,4
31,11,6,4
31,11,7,4
31,11,8,2
31,12,3,20
31,12,8,20
31,13,3,20
31,13,8,20
31,14,3,20
31,14,8,20
31,15,3,20
31,15,4,1
31,15,5,1
31,15,6,1
31,15,7,1
31,15,8,20
31,16,3,22
31,16,8,22
32,0,4,2
32,0,5,2
32,0,6,2
32,0,7,2
32,0,8,2
32,0,9,2
32,0,10,2
32,0,11,2
32,0,12,2
32,0,13,2
32,0,14,2
32,0,15,2
32,1,4,3
32,1,5,10
32,1,6,10
32,1,7,10
32,1,8,10
32,1,9,10
32,1,10,10
32,1,11,10
32,1,12,10
32,1,13,10
32,1,14,23
32,1,15,3
32,2,4,3
32,2,5,10
32,2,6,10
32,2,7,10
32,2,8,10
32,2,9,10
32,2,10,10
32,2,11,10
32,2,12,10
32,2,13,10
32,2,14,30
32,2,15,3
32,3,1,22
32,3,2,4
32,3,3,2
32,3,4,4
32,3,5,4
32,3,6,4
32,3,7,4
32,3,8,4
32,3,9,4
32,3,10,4
32,3,11,4
32,3,12,4
32,3,13,4
32,3,14,10
32,3,15,4
32,3,16,2
32,3,17,4
32,3,18,22
32,4,1,22
32,4,3,3
32,4,5,23
32,4,16,3
32,4,18,22
32,5,3,13
32,5,5,31
32,5,16,13
32,6,2,2
32,6,3,2
32,6,4,7
32,6,15,15
32,6,16,2
32,6,17,2
32,7,0,1
32,7,1,1
32,7,2,1
32,7,3,1
32,7,4,1
32,7,6,1
32,7,7,1
32,7,8,1
32,7,9,1
32,7,10,1
32,7,11,1
32,7,12,1
32,7,13,1
32,7,14,1
32,7,15,1
32,7,16,1
32,7,17,1
32,7,18,1
32,7,19,1
32,8,0,22
32,8,3,20
32,8,8,20
32,9,3,13
32,9,8,13
32,10,3,20
32,10,8,20
32,11,3,2
32,11,4,4
32,11,5,4
32,11,6,4
32,11,7,4
32,11,8,2
32,12,3,20
32,12,8,20
32,13,3,20
32,13,8,20
32,14,3,20
32,14,8,20
32,15,3,20
32,15,4,1
32,15,5,1
32,15,6,1
32,15,7,1
32,15,8,20
32,16,3,22
32,16,8,22
33,0,4,2
33,0,5,2
33,0,6,2
33,0,7,2
33,0,8,2
33,0,9,2
33,0,10,2
33,0,11,2
33,0,12,2
33,0,13,2
33,0,14,2
33,0,15,2
33,1,4,3
33,1,5,10
33,1,6,10
33,1,7,10
33,1,8,10
33,1,9,10
33,1,10,10
33,1,11,10
33,1,12,10
33,1,13,10
33,1,14,30
33,1,15,3
33,2,4,3
33,2,5,10
33,2,6,10
33,2,7,10
33,2,8,10
33,2,9,10
33,2,10,10
33,2,11,10
33,2,12,10
33,2,13,10
33,2,14,10
33,2,15,3
33,3,1,22
33,3,2,4
33,3,3,2
33,3,4,4
33,3,5,4
33,3,6,4
33,3,7,4
33,3,8,4
33,3,9,4
33,3,10,4
33,3,11,4
33,3,12,4
33,3,13,4
33,3,14,10
33,3,15,4
33,3,16,2
33,3,17,4
33,3,18,22
33,4,1,22
33,4,3,3
33,4,5,23
33,4,16,3
33,4,18,22
33,5,3,3
33,5,5,23
33,5,16,3
33,6,2,2
33,6,3,2
33,6,5,31
33,6,16,2
33,6,17,2
33,7,0,1
33,7,1,1
33,7,2,1
33,7,3,1
33,7,4,1
33,7,6,1
33,7,7,1
33,7,8,1
33,7,9,1
33,7,10,1
33,7,11,1
33,7,12,1
33,7,13,1
33,7,14,1
33,7,15,1
33,7,16,1
33,7,17,1
33,7,18,1
33,7,19,1
33,8,0,22
33,8,3,20
33,8,8,20
33,9,3,20
33,9,8,20
33,10,3,20
33,10,8,20
33,11,3,2
33,11,4,4
33,11,5,4
33,11,6,4
33,11,7,4
33,11,8,2
33,12,3,20
33,12,8,20
33,13,3,20
33,13,8,20
33,14,3,20
33,14,8,20
33,15,3,20
33,15,4,1
33,15,5,1
33,15,6,1
33,15,7,1
33,15,8,20
33,16,3,22
33,16,8,22
34,0,4,2
34,0,5,2
34,0,6,2
34,0,7,2
34,0,8,2
34,0,9,2
34,0,10,2
34,0,11,2
34,0,12,2
34,0,13,2
34,0,14,2
34,0,15,2
34,1,4,3
34,1,5,10
34,1,6,10
34,1,7,10
34,1,8,10
34,1,9,10
34,1,10,10
34,1,11,10
34,1,12,10
34,1,13,10
34,1,14,10
34,1,15,3
34,2,4,3
34,2,5,10
34,2,6,10
34,2,7,10
34,2,8,16
34,2,9,10
34,2,10,10
34,2,11,16
34,2,12,10
34,2,13,10
34,2,14,10
34,2,15,3
34,3,1,22
34,3,2,4
34,3,3,2
34,3,4,4
34,3,5,4
34,3,6,4
34,3,7,4
34,3,8,4
34,3,9,4
34,3,10,4
34,3,11,4
34,3,12,4
34,3,13,4
34,3,14,10
34,3,15,4
34,3,16,2
34,3,17,4
34,3,18,22
34,4,1,22
34,4,3,3
34,4,5,23
34,4,16,3
34,4,18,22
34,5,3,3
34,5,5,23
34,5,16,3
34,6,2,2
34,6,3,2
34,6,5,23
34,6,8,16
34,6,11,16
34,6,16,2
34,6,17,2
34,7,0,1
34,7,1,1
34,7,2,1
34,7,3,1
34,7,4,1
34,7,5,31
34,7,6,1
34,7,7,1
34,7,8,1
34,7,9,1
34,7,10,1
34,7,11,1
34,7,12,1
34,7,13,1
34,7,14,1
34,7,15,1
34,7,16,1
34,7,17,1
34,7,18,1
34,7,19,1
34,8,0,22
34,8,2,20
34,8,3,20
34,8,8,20
34,8,9,20
34,9,2,20
34,9,3,20
34,9,8,20
34,9,9,20
34,10,2,20
34,10,3,20
34,10,4,7
34,10,7,15
34,10,8,20
34,10,9,20
34,11,2,2
34,11,3,2
34,11,4,4
34,11,5,4
34,11,6,4
34,11,7,4
34,11,8,2
34,11,9,2
34,12,2,20
34,12,3,20
34,12,8,20
34,12,9,20
34,13,2,20
34,13,3,20
34,13,8,20
34,13,9,20
34,14,2,20
34,14,3,20
34,14,8,20
34,14,9,20
34,15,2,20
34,15,3,20
34,15,4,2
34,15,5,2
34,15,6,2
34,15,7,2
34,15,8,2
34,15,9,2
34,16,2,20
34,16,3,20
34,16,4,25
34,16,5,20
34,16,6,20
34,16,7,2
34,16,8,2
34,16,9,2
34,17,2,20
34,17,3,20
34,17,4,19
34,17,5,20
34,17,6,20
34,18,2,20
34,18,3,20
34,18,4,20
34,18,5,20
34,18,6,20
34,18,8,22
34,18,9,22
34,19,2,22
34,19,3,22
34,19,4,22
34,19,5,22
34,19,6,22
34,19,8,22
34,19,9,22
35,0,4,2
35,0,5,2
35,0,6,2
35,0,7,2
35,0,8,2
35,0,9,2
35,0,10,2
35,0,11,2
35,0,12,2
35,0,13,2
35,0,14,2
35,0,15,2
35,1,4,3
35,1,5,3
35,1,6,3
35,1,7,3
35,1,8,2
35,1,9,17
35,1,10,17
35,1,11,2
35,1,12,3
35,1,13,3
35,1,14,3
35,1,15,3
35,2,4,3
35,2,5,3
35,2,6,3
35,2,7,3
35,2,8,2
35,2,9,18
35,2,10,19
35,2,11,2
35,2,12,3
35,2,13,3
35,2,14,3
35,2,15,3
35,3,1,22
35,3,2,22
35,3,3,2
35,3,4,2
35,3,5,2
35,3,6,2
35,3,7,2
35,3,8,2
35,3,9,2
35,3,10,2
35,3,11,2
35,3,12,2
35,3,13,2
35,3,14,2
35,3,15,2
35,3,16,2
35,3,17,22
35,3,18,22
35,4,1,22
35,4,2,22
35,4,3,3
35,4,4,20
35,4,5,20
35,4,6,20
35,4,7,20
35,4,8,2
35,4,9,17
35,4,10,17
35,4,11,2
35,4,12,20
35,4,13,20
35,4,14,20
35,4,15,20
35,4,16,3
35,4,17,22
35,4,18,22
35,5,3,3
35,5,4,20
35,5,5,20
35,5,6,20
35,5,7,20
35,5,8,2
35,5,9,18
35,5,10,19
35,5,11,2
35,5,12,20
35,5,13,20
35,5,14,20
35,5,15,20
35,5,16,3
35,6,2,2
35,6,3,2
35,6,4,20
35,6,5,20
35,6,6,20
35,6,7,20
35,6,8,2
35,6,9,2
35,6,10,2
35,6,11,2
35,6,12,20
35,6,13,20
35,6,14,20
35,6,15,20
35,6,16,2
35,6,17,2
35,7,0,1
35,7,1,1
35,7,2,1
35,7,3,1
35,7,4,1
35,7,5,1
35,7,6,1
35,7,7,1
35,7,8,1
35,7,9,1
35,7,10,1
35,7,11,1
35,7,12,1
35,7,13,1
35,7,14,1
35,7,15,1
35,7,16,1
35,7,17,1
35,7,18,1
35,7,19,1
35,8,0,22
35,8,2,20
35,8,3,32
35,8,9,27
35,9,2,20
35,9,3,32
35,9,9,19
35,10,2,20
35,10,3,32
35,10,8,20
35,10,9,20
35,11,2,2
35,11,3,32
35,11,4,4
35,11,5,4
35,11,6,4
35,11,7,4
35,11,8,2
35,11,9,2
35,12,2,20
35,12,3,32
35,12,9,20
35,13,2,20
35,13,3,32
35,13,9,13
35,14,2,20
35,14,3,32
35,14,9,20
35,15,2,20
35,15,3,32
35,15,4,1
35,15,5,1
35,15,6,1
35,15,7,1
35,15,8,1
35,15,9,2
35,16,2,20
35,16,3,32
35,16,6,20
35,16,7,14
35,16,8,14
35,16,9,2
35,17,2,20
35,17,3,32
35,17,5,8
35,17,6,20
35,17,8,33
35,18,2,20
35,18,3,32
35,18,4,1
35,18,5,1
35,18,6,20
35,18,8,22
35,19,2,22
35,19,6,22
35,19,8,22
36,0,4,2
36,0,5,2
36,0,6,2
36,0,7,2
36,0,8,2
36,0,9,2
36,0,10,2
36,0,11,2
36,0,12,2
36,0,13,2
36,0,14,2
36,0,15,2
36,1,4,3
36,1,5,2
36,1,6,2
36,1,7,2
36,1,8,23
36,1,9,10
36,1,10,10
36,1,11,23
36,1,12,2
36,1,13,2
36,1,14,2
36,1,15,3
36,2,3,0
36,2,4,2
36,2,5,2
36,2,6,2
36,2,7,2
36,2,8,23
36,2,9,10
36,2,10,10
36,2,11,23
36,2,12,2
36,2,13,2
36,2,14,2
36,2,15,2
36,2,16,0
36,3,3,0
36,3,4,10
36,3,5,10
36,3,6,10
36,3,7,10
36,3,8,2
36,3,9,4
36,3,10,4
36,3,11,2
36,3,12,10
36,3,13,10
36,3,14,10
36,3,15,10
36,3,16,0
36,3,19,14
36,4,3,0
36,4,16,0
36,4,19,14
36,5,3,0
36,5,4,7
36,5,16,0
36,5,19,14
36,6,2,2
36,6,3,2
36,6,8,8
36,6,11,8
36,6,15,15
36,6,16,0
36,6,17,7
36,6,19,14
36,7,0,1
36,7,1,1
36,7,2,1
36,7,3,1
36,7,4,1
36,7,5,1
36,7,6,1
36,7,7,1
36,7,8,1
36,7,9,1
36,7,10,1
36,7,11,1
36,7,12,1
36,7,13,1
36,7,14,1
36,7,15,1
36,7,16,0
36,7,17,0
36,7,18,0
36,7,19,0
36,8,0,22
36,8,2,20
36,8,9,27
36,9,2,20
36,9,9,18
36,10,2,20
36,10,8,20
36,10,9,20
36,11,2,2
36,11,3,4
36,11,4,4
36,11,5,4
36,11,6,4
36,11,7,4
36,11,8,2
36,11,9,2
36,12,2,20
36,12,9,20
36,13,2,20
36,13,9,13
36,14,2,20
36,14,3,16
36,14,8,16
36,14,9,20
36,15,2,20
36,15,3,1
36,15,4,1
36,15,5,1
36,15,6,1
36,15,7,1
36,15,8,1
36,15,9,2
36,16,2,20
36,16,6,20
36,16,7,14
36,16,8,14
36,16,9,2
36,17,2,20
36,17,6,20
36,18,2,20
36,18,3,1
36,18,4,1
36,18,5,1
36,18,6,20
36,18,8,22
36,18,9,22
36,19,2,22
36,19,6,22
36,19,8,22
36,19,9,22
37,0,4,2
37,0,5,2
37,0,6,2
37,0,7,2
37,0,8,2
37,0,9,2
37,0,10,2
37,0,11,2
37,0,12,2
37,0,13,2
37,0,14,2
37,0,15,2
37,1,4,3
37,1,5,2
37,1,6,2
37,1,7,2
37,1,8,10
37,1,9,10
37,1,10,10
37,1,11,10
37,1,12,2
37,1,13,2
37,1,14,2
37,1,15,3
37,2,3,0
37,2,4,0
37,2,5,0
37,2,6,0
37,2,7,2
37,2,8,10
37,2,9,10
37,2,10,10
37,2,11,10
37,2,12,2
37,2,13,1
37,2,14,1
37,2,15,1
37,2,16,0
37,3,3,10
37,3,4,10
37,3,5,10
37,3,6,10
37,3,7,10
37,3,8,2
37,3,9,4
37,3,10,4
37,3,11,2
37,3,12,34
37,3,13,34
37,3,14,34
37,3,15,34
37,3,16,0
37,3,17,34
37,3,18,34
37,3,19,34
37,3,20,34
37,5,3,0
37,6,2,2
37,6,3,2
37,7,0,1
37,7,1,1
37,7,2,1
37,7,3,1
37,7,4,1
37,7,5,1
37,7,6,1
37,7,7,1
37,7,8,1
37,7,9,1
37,7,10,1
37,7,11,1
37,7,12,1
37,7,13,1
37,7,14,1
37,7,15,1
37,7,16,0
37,8,0,22
37,8,2,20
37,8,3,20
37,8,8,20
37,8,9,20
37,9,2,20
37,9,3,20
37,9,8,20
37,9,9,20
37,10,2,20
37,10,3,20
37,10,4,7
37,10,7,15
37,10,8,20
37,10,9,20
37,11,2,2
37,11,3,2
37,11,4,4
37,11,5,4
37,11,6,4
37,11,7,4
37,11,8,2
37,11,9,2
37,12,2,20
37,12,3,20
37,12,8,20
37,12,9,20
37,13,2,20
37,13,3,20
37,13,8,20
37,13,9,20
37,14,2,20
37,14,3,20
37,14,8,20
37,14,9,20
37,15,2,20
37,15,3,20
37,15,4,2
37,15,5,2
37,15,6,2
37,15,7,2
37,15,8,2
37,15,9,2
37,16,2,20
37,16,3,20
37,16,4,17
37,16,5,20
37,16,6,20
37,16,7,2
37,16,8,2
37,16,9,2
37,17,2,20
37,17,3,20
37,17,4,19
37,17,5,20
37,17,6,20
37,18,2,20
37,18,3,20
37,18,4,20
37,18,5,20
37,18,6,20
37,19,2,22
37,19,3,22
37,19,4,22
37,19,5,22
37,19,6,22
38,0,4,2
38,0,5,2
38,0,6,2
38,0,7,2
38,0,8,2
38,0,9,2
38,0,10,2
38,0,11,2
38,0,12,2
38,0,13,2
38,0,14,2
38,0,15,2
38,1,6,2
38,1,7,2
38,1,8,10
38,1,9,10
38,1,10,10
38,1,11,10
38,1,12,2
38,1,13,2
38,1,14,2
38,1,15,3
38,2,6,0
38,2,7,2
38,2,8,10
38,2,9,10
38,2,10,10
38,2,11,10
38,2,12,2
38,2,13,1
38,2,14,1
38,2,15,1
38,2,16,0
38,3,3,10
38,3,4,10
38,3,5,10
38,3,6,10
38,3,7,10
38,3,8,2
38,3,9,4
38,3,10,4
38,3,11,2
38,3,12,34
38,3,13,34
38,3,14,34
38,3,15,34
38,3,16,0
38,3,17,34
38,3,18,34
38,3,19,34
38,3,20,34
38,5,3,0
38,6,2,2
38,6,3,2
38,7,0,1
38,7,1,1
38,7,2,1
38,7,3,1
38,7,4,1
38,7,5,1
38,7,6,1
38,7,7,1
38,7,8,1
38,7,9,1
38,7,10,1
38,7,11,1
38,7,12,1
38,7,13,1
38,7,14,1
38,7,15,1
38,7,16,0
38,8,0,22
38,8,3,20
38,8,8,20
38,9,3,20
38,9,8,20
38,10,3,20
38,10,8,20
38,11,3,2
38,11,4,4
38,11,5,4
38,11,6,4
38,11,7,4
38,11,8,2
38,12,3,20
38,12,8,20
38,13,3,20
38,13,8,20
38,14,3,20
38,14,8,20
38,15,4,2
38,15,5,1
38,15,6,1
38,15,7,2
39,0,4,2
39,0,5,2
39,0,6,2
39,0,7,2
39,0,8,2
39,0,9,2
39,0,10,2
39,0,11,2
39,0,12,2
39,0,13,2
39,0,14,2
39,0,15,2
39,1,6,2
39,1,7,2
39,1,8,23
39,1,9,10
39,1,10,10
39,1,11,23
39,1,12,2
39,1,13,2
39,1,14,2
39,1,15,3
39,2,6,0
39,2,7,2
39,2,8,23
39,2,9,10
39,2,10,10
39,2,11,23
39,2,12,2
39,2,13,1
39,2,14,1
39,2,15,1
39,2,16,0
39,3,3,10
39,3,4,10
39,3,5,10
39,3,6,10
39,3,7,10
39,3,8,2
39,3,9,4
39,3,10,4
39,3,11,2
39,3,12,34
39,3,13,34
39,3,14,34
39,3,15,34
39,3,16,0
39,3,17,34
39,3,18,34
39,3,19,34
39,3,20,34
39,5,3,0
39,6,2,2
39,6,3,2
39,7,0,1
39,7,1,1
39,7,2,1
39,7,3,1
39,7,4,1
39,7,5,1
39,7,6,1
39,7,7,1
39,7,8,1
39,7,9,1
39,7,10,1
39,7,11,1
39,7,12,1
39,7,13,1
39,7,14,1
39,7,15,1
39,7,16,0
39,8,0,22
39,8,3,20
39,8,8,20
39,9,3,13
39,9,8,13
39,10,3,20
39,10,8,20
39,11,3,2
39,11,4,4
39,11,5,4
39,11,6,4
39,11,7,4
39,11,8,2
39,12,3,20
39,12,8,20
39,13,3,20
39,13,8,20
39,14,3,20
39,14,8,20
39,15,4,2
39,15,5,1
39,15,6,1
39,15,7,2
40,0,4,2
40,0,5,2
40,0,6,2
40,0,7,2
40,0,8,2
40,0,9,2
40,0,10,2
40,0,11,2
40,0,12,2
40,0,13,2
40,0,14,2
40,0,15,2
40,1,4,3
40,1,5,2
40,1,6,2
40,1,7,2
40,1,8,10
40,1,9,10
40,1,10,10
40,1,11,10
40,1,12,2
40,1,13,2
40,1,14,2
40,1,15,3
40,2,3,0
40,2,4,0
40,2,5,0
40,2,6,0
40,2,7,2
40,2,8,7
40,2,9,10
40,2,10,10
40,2,11,15
40,2,12,2
40,2,13,1
40,2,14,1
40,2,15,1
40,2,16,0
40,3,3,10
40,3,4,10
40,3,5,10
40,3,6,10
40,3,7,10
40,3,8,2
40,3,9,4
40,3,10,4
40,3,11,2
40,3,12,34
40,3,13,34
40,3,14,34
40,3,15,34
40,3,16,0
40,3,17,34
40,3,18,34
40,3,19,34
40,3,20,34
40,5,3,0
40,6,2,2
40,6,3,2
40,7,0,1
40,7,1,1
40,7,2,1
40,7,3,1
40,7,4,1
40,7,5,1
40,7,6,1
40,7,7,1
40,7,8,1
40,7,9,1
40,7,10,1
40,7,11,1
40,7,12,1
40,7,13,1
40,7,14,1
40,7,15,1
40,7,16,0
40,8,0,22
40,8,3,20
40,8,8,20
40,9,3,13
40,9,8,13
40,10,3,20
40,10,8,20
40,11,3,2
40,11,4,4
40,11,5,4
40,11,6,4
40,11,7,4
40,11,8,2
40,12,3,20
40,12,8,20
40,13,3,20
40,13,8,20
40,14,3,20
40,14,8,20
40,15,4,2
40,15,5,2
40,15,6,2
40,15,7,2
41,0,4,2
41,0,5,2
41,0,6,2
41,0,7,2
41,0,8,2
41,0,9,2
41,0,10,2
41,0,11,2
41,0,12,2
41,0,13,2
41,0,14,2
41,0,15,2
41,1,4,3
41,1,5,2
41,1,6,2
41,1,7,2
41,1,8,10
41,1,9,10
41,1,10,10
41,1,11,10
41,1,12,2
41,1,13,2
41,1,14,2
41,1,15,3
41,2,3,0
41,2,4,2
41,2,5,2
41,2,6,2
41,2,7,2
41,2,8,10
41,2,9,10
41,2,10,10
41,2,11,10
41,2,12,2
41,2,13,2
41,2,14,2
41,2,15,2
41,2,16,0
41,3,3,0
41,3,4,10
41,3,5,10
41,3,6,10
41,3,7,10
41,3,8,2
41,3,9,4
41,3,10,4
41,3,11,2
41,3,12,10
41,3,13,10
41,3,14,10
41,3,15,10
41,3,16,0
41,3,19,14
41,4,3,0
41,4,16,0
41,4,19,14
41,5,3,0
41,5,4,7
41,5,16,0
41,5,19,14
41,6,2,2
41,6,3,2
41,6,15,15
41,6,16,0
41,6,17,7
41,6,19,14
41,7,0,1
41,7,1,1
41,7,2,1
41,7,3,1
41,7,4,1
41,7,5,1
41,7,6,1
41,7,7,1
41,7,8,1
41,7,9,1
41,7,10,1
41,7,11,1
41,7,12,1
41,7,13,1
41,7,14,1
41,7,15,1
41,7,16,0
41,7,17,0
41,7,18,0
41,7,19,0
41,8,0,22
41,8,3,20
41,8,8,20
41,9,3,20
41,9,8,20
41,10,3,20
41,10,8,20
41,11,3,2
41,11,4,4
41,11,5,4
41,11,6,4
41,11,7,4
41,11,8,2
41,12,3,20
41,12,8,20
41,13,3,20
41,13,8,20
41,14,3,20
41,14,8,20
41,15,3,2
41,15,4,2
41,15,7,2
41,15,8,2
41,16,4,2
41,16,5,2
41,16,6,2
41,16,7,2
41,19,3,22
41,19,5,22
42,0,4,2
42,0,5,2
42,0,6,2
42,0,7,2
42,0,8,2
42,0,9,2
42,0,10,2
42,0,11,2
42,0,12,2
42,0,13,2
42,0,14,2
42,0,15,2
42,1,4,2
42,1,5,2
42,1,6,2
42,1,7,2
42,1,8,23
42,1,9,25
42,1,10,25
42,1,11,23
42,1,12,2
42,1,13,2
42,1,14,2
42,1,15,2
42,2,4,2
42,2,5,2
42,2,6,2
42,2,7,2
42,2,8,23
42,2,9,19
42,2,10,18
42,2,11,23
42,2,12,2
42,2,13,2
42,2,14,2
42,2,15,2
42,3,1,22
42,3,2,22
42,3,3,2
42,3,4,2
42,3,5,2
42,3,6,2
42,3,7,2
42,3,8,2
42,3,9,2
42,3,10,2
42,3,11,2
42,3,12,2
42,3,13,2
42,3,14,2
42,3,15,2
42,3,16,2
42,3,17,22
42,3,18,22
42,4,1,22
42,4,2,22
42,4,3,3
42,4,16,3
42,4,17,22
42,4,18,22
42,5,3,3
42,5,16,3
42,6,2,2
42,6,3,2
42,6,16,2
42,6,17,2
42,7,0,1
42,7,1,1
42,7,2,1
42,7,3,1
42,7,4,1
42,7,5,1
42,7,6,1
42,7,7,1
42,7,8,1
42,7,9,1
42,7,10,1
42,7,11,1
42,7,12,1
42,7,13,1
42,7,14,1
42,7,15,1
42,7,16,1
42,7,17,1
42,7,18,1
42,7,19,1
42,8,0,22
42,8,2,20
42,8,9,20
42,9,2,20
42,9,9,20
42,10,2,20
42,10,3,7
42,10,8,15
42,10,9,20
42,11,2,2
42,11,3,4
42,11,4,4
42,11,5,4
42,11,6,4
42,11,7,4
42,11,8,4
42,11,9,2
42,12,2,20
42,12,9,20
42,13,2,20
42,13,9,20
42,14,2,20
42,14,3,8
42,14,8,8
42,14,9,20
42,15,2,2
42,15,3,2
42,15,8,2
42,15,9,2
42,16,3,2
42,16,4,14
42,16,5,14
42,16,6,14
42,16,7,14
42,16,8,2
42,17,4,33
42,18,4,22
42,19,3,22
42,19,4,22
42,19,5,22
43,0,4,2
43,0,5,2
43,0,6,2
43,0,7,2
43,0,8,0
43,0,9,0
43,0,10,0
43,0,11,0
43,0,12,2
43,0,13,2
43,0,14,2
43,0,15,2
43,1,4,23
43,1,5,10
43,1,6,10
43,1,7,10
43,1,8,10
43,1,9,10
43,1,10,10
43,1,11,10
43,1,12,10
43,1,13,10
43,1,14,10
43,1,15,23
43,2,4,23
43,2,5,8
43,2,6,10
43,2,7,10
43,2,8,10
43,2,9,10
43,2,10,10
43,2,11,10
43,2,12,10
43,2,13,10
43,2,14,8
43,2,15,23
43,3,1,22
43,3,2,4
43,3,3,2
43,3,4,2
43,3,5,23
43,3,6,23
43,3,7,2
43,3,8,23
43,3,9,23
43,3,10,23
43,3,11,23
43,3,12,2
43,3,13,23
43,3,14,23
43,3,15,2
43,3,16,2
43,3,17,4
43,3,18,22
43,4,1,22
43,4,3,3
43,4,16,3
43,4,18,22
43,5,3,13
43,5,16,13
43,6,2,2
43,6,3,2
43,6,9,24
43,6,10,24
43,6,16,2
43,6,17,2
43,7,0,1
43,7,1,1
43,7,2,1
43,7,3,1
43,7,4,1
43,7,5,1
43,7,6,1
43,7,7,1
43,7,8,1
43,7,9,1
43,7,10,1
43,7,11,1
43,7,12,1
43,7,13,1
43,7,14,1
43,7,15,1
43,7,16,1
43,7,17,1
43,7,18,1
43,7,19,1
43,8,0,22
43,8,2,26
43,8,8,12
43,8,9,20
43,9,2,18
43,9,9,20
43,10,2,20
43,10,9,20
43,11,2,2
43,11,3,4
43,11,4,4
43,11,5,4
43,11,6,4
43,11,7,4
43,11,8,4
43,11,9,2
43,12,2,20
43,12,3,35
43,12,8,12
43,12,9,20
43,13,2,13
43,13,9,13
43,14,2,20
43,14,9,20
43,15,2,2
43,15,9,2
43,16,3,2
43,16,4,14
43,16,5,14
43,16,6,14
43,16,7,14
43,16,8,2
44,0,3,34
44,0,4,2
44,0,5,2
44,0,6,2
44,0,7,2
44,0,8,0
44,0,9,2
44,0,10,2
44,0,11,0
44,0,12,2
44,0,13,2
44,0,14,2
44,0,15,2
44,0,16,34
44,1,2,34
44,1,3,36
44,1,4,34
44,1,5,10
44,1,6,10
44,1,7,23
44,1,8,37
44,1,9,34
44,1,10,34
44,1,11,37
44,1,12,23
44,1,13,10
44,1,14,10
44,1,15,34
44,1,16,36
44,1,17,34
44,2,3,34
44,2,4,23
44,2,5,10
44,2,6,10
44,2,7,23
44,2,8,10
44,2,9,14
44,2,10,14
44,2,11,10
44,2,12,23
44,2,13,10
44,2,14,10
44,2,15,23
44,2,16,34
44,3,1,22
44,3,2,4
44,3,3,2
44,3,4,2
44,3,5,23
44,3,6,23
44,3,7,2
44,3,8,23
44,3,9,34
44,3,10,34
44,3,11,23
44,3,12,2
44,3,13,23
44,3,14,23
44,3,15,2
44,3,16,2
44,3,17,4
44,3,18,22
44,4,1,22
44,4,3,3
44,4,16,3
44,4,18,22
44,5,3,3
44,5,16,3
44,6,2,2
44,6,3,2
44,6,16,2
44,6,17,2
44,7,0,1
44,7,1,1
44,7,2,1
44,7,3,1
44,7,4,1
44,7,5,1
44,7,6,1
44,7,7,1
44,7,8,1
44,7,9,1
44,7,10,1
44,7,11,1
44,7,12,1
44,7,13,1
44,7,14,1
44,7,15,1
44,7,16,1
44,7,17,1
44,7,18,1
44,7,19,1
44,8,0,22
44,8,2,26
44,8,8,12
44,8,9,20
44,9,2,19
44,9,9,20
44,10,2,20
44,10,9,20
44,11,2,2
44,11,3,4
44,11,4,4
44,11,5,4
44,11,6,4
44,11,7,4
44,11,8,4
44,11,9,2
44,12,2,20
44,12,3,35
44,12,8,12
44,12,9,20
44,13,2,13
44,13,9,13
44,14,2,20
44,14,9,20
44,15,2,2
44,15,9,2
44,16,3,2
44,16,4,14
44,16,5,14
44,16,6,14
44,16,7,14
44,16,8,2
44,17,6,33
44,18,6,22
44,19,6,22
44,20,3,22
44,20,4,22
44,20,5,22
44,20,6,33
44,20,7,22
44,20,8,22
44,20,9,22
44,21,3,22
44,21,6,22
44,21,9,22
44,22,3,22
44,22,6,22
44,22,9,22
44,23,3,22
44,23,6,22
44,23,9,22
45,0,3,34
45,0,4,2
45,0,5,2
45,0,6,2
45,0,7,2
45,0,8,0
45,0,9,2
45,0,10,2
45,0,11,0
45,0,12,2
45,0,13,2
45,0,14,2
45,0,15,2
45,0,16,34
45,1,2,34
45,1,3,36
45,1,4,34
45,1,5,33
45,1,6,33
45,1,7,33
45,1,8,33
45,1,9,34
45,1,10,34
45,1,11,33
45,1,12,33
45,1,13,33
45,1,14,33
45,1,15,34
45,1,16,36
45,1,17,34
45,2,3,34
45,2,4,23
45,2,5,10
45,2,6,10
45,2,7,23
45,2,8,10
45,2,9,14
45,2,10,14
45,2,11,10
45,2,12,23
45,2,13,10
45,2,14,10
45,2,15,23
45,2,16,34
45,3,1,22
45,3,2,4
45,3,3,2
45,3,4,2
45,3,5,23
45,3,6,23
45,3,7,2
45,3,8,23
45,3,9,34
45,3,10,34
45,3,11,23
45,3,12,2
45,3,13,23
45,3,14,23
45,3,15,2
45,3,16,2
45,3,17,4
45,3,18,22
45,4,1,22
45,4,3,26
45,4,16,27
45,4,18,22
45,5,3,19
45,5,16,19
45,6,2,2
45,6,3,2
45,6,16,2
45,6,17,2
45,7,0,1
45,7,1,1
45,7,2,1
45,7,3,1
45,7,4,1
45,7,5,1
45,7,6,1
45,7,7,1
45,7,8,1
45,7,9,1
45,7,10,1
45,7,11,1
45,7,12,1
45,7,13,1
45,7,14,1
45,7,15,1
45,7,16,1
45,7,17,1
45,7,18,1
45,7,19,1
45,8,0,22
45,8,2,20
45,8,9,20
45,9,2,20
45,9,9,20
45,10,2,20
45,10,3,7
45,10,8,15
45,10,9,20
45,11,2,2
45,11,3,4
45,11,4,4
45,11,5,4
45,11,6,4
45,11,7,4
45,11,8,4
45,11,9,2
45,12,2,20
45,12,9,20
45,13,2,20
45,13,9,20
45,14,2,20
45,14,3,16
45,14,8,16
45,14,9,20
45,15,2,2
45,15,3,2
45,15,8,2
45,15,9,2
45,16,3,2
45,16,4,14
45,16,5,14
45,16,6,14
45,16,7,14
45,16,8,2
46,0,4,2
46,0,5,2
46,0,6,2
46,0,7,2
46,0,8,0
46,0,9,0
46,0,10,0
46,0,11,0
46,0,12,2
46,0,13,2
46,0,14,2
46,0,15,2
46,1,4,23
46,1,5,10
46,1,6,10
46,1,7,23
46,1,8,10
46,1,9,10
46,1,10,10
46,1,11,10
46,1,12,23
46,1,13,10
46,1,14,10
46,1,15,23
46,2,4,23
46,2,5,10
46,2,6,10
46,2,7,23
46,2,8,10
46,2,9,10
46,2,10,10
46,2,11,10
46,2,12,23
46,2,13,10
46,2,14,10
46,2,15,23
46,3,1,22
46,3,2,4
46,3,3,2
46,3,4,2
46,3,5,23
46,3,6,23
46,3,7,2
46,3,8,23
46,3,9,23
46,3,10,23
46,3,11,23
46,3,12,2
46,3,13,23
46,3,14,23
46,3,15,2
46,3,16,2
46,3,17,4
46,3,18,22
46,4,1,22
46,4,3,3
46,4,16,3
46,4,18,22
46,5,3,3
46,5,16,3
46,6,2,2
46,6,3,2
46,6,16,2
46,6,17,2
46,7,0,1
46,7,1,1
46,7,2,1
46,7,3,1
46,7,4,1
46,7,5,1
46,7,6,1
46,7,7,1
46,7,8,1
46,7,9,1
46,7,10,1
46,7,11,1
46,7,12,1
46,7,13,1
46,7,14,1
46,7,15,1
46,7,16,1
46,7,17,1
46,7,18,1
46,7,19,1
46,8,0,22
46,8,3,20
46,8,5,37
46,8,6,37
46,8,8,20
46,9,3,20
46,9,8,20
46,10,3,20
46,10,8,20
46,11,3,2
46,11,4,4
46,11,5,4
46,11,6,4
46,11,7,4
46,11,8,2
46,12,3,20
46,12,8,20
46,13,3,20
46,13,8,20
46,14,3,20
46,14,8,20
46,15,3,2
46,15,4,2
46,15,7,2
46,15,8,2
46,16,4,2
46,16,5,2
46,16,6,2
46,16,7,2
47,0,4,2
47,0,5,2
47,0,6,2
47,0,7,2
47,0,8,2
47,0,9,2
47,0,10,2
47,0,11,2
47,0,12,2
47,0,13,2
47,0,14,2
47,0,15,2
47,1,4,2
47,1,5,34
47,1,6,34
47,1,7,2
47,1,8,3
47,1,9,3
47,1,10,3
47,1,11,3
47,1,12,2
47,1,13,34
47,1,14,34
47,1,15,2
47,2,4,2
47,2,5,34
47,2,6,34
47,2,7,2
47,2,8,3
47,2,9,3
47,2,10,3
47,2,11,3
47,2,12,2
47,2,13,34
47,2,14,34
47,2,15,2
47,3,1,22
47,3,2,4
47,3,3,2
47,3,4,2
47,3,5,2
47,3,6,2
47,3,7,2
47,3,8,2
47,3,9,2
47,3,10,2
47,3,11,2
47,3,12,2
47,3,13,2
47,3,14,2
47,3,15,2
47,3,16,2
47,3,17,4
47,3,18,22
47,4,1,22
47,4,3,3
47,4,4,3
47,4,15,3
47,4,16,3
47,4,18,22
47,5,3,3
47,5,4,3
47,5,5,7
47,5,14,15
47,5,15,3
47,5,16,3
47,6,2,2
47,6,3,2
47,6,4,2
47,6,15,2
47,6,16,2
47,6,17,2
47,7,0,1
47,7,1,1
47,7,2,1
47,7,3,1
47,7,4,1
47,7,5,1
47,7,6,1
47,7,7,1
47,7,8,1
47,7,9,1
47,7,10,1
47,7,11,1
47,7,12,1
47,7,13,1
47,7,14,1
47,7,15,1
47,7,16,1
47,7,17,1
47,7,18,1
47,7,19,1
47,8,0,22
47,8,4,20
47,8,5,20
47,8,6,20
47,8,7,20
47,9,4,20
47,9,5,20
47,9,6,20
47,9,7,20
47,10,4,20
47,10,5,20
47,10,6,20
47,10,7,20
47,11,4,2
47,11,5,2
47,11,6,2
47,11,7,2
47,12,4,20
47,12,5,20
47,12,6,20
47,12,7,20
47,13,4,20
47,13,5,13
47,13,6,13
47,13,7,20
47,14,4,20
47,14,5,20
47,14,6,20
47,14,7,20
47,15,4,2
47,15,5,2
47,15,6,2
47,15,7,2
48,3,1,22
48,3,2,4
48,3,3,4
48,3,4,2
48,3,5,2
48,3,6,2
48,3,7,2
48,3,8,2
48,3,9,2
48,3,10,2
48,3,11,2
48,3,12,2
48,3,13,2
48,3,14,2
48,3,15,2
48,3,16,4
48,3,17,4
48,3,18,22
48,4,1,22
48,4,4,3
48,4,15,3
48,4,18,22
48,5,4,3
48,5,15,3
48,6,2,2
48,6,3,2
48,6,4,2
48,6,15,2
48,6,16,2
48,6,17,2
48,7,0,1
48,7,1,1
48,7,2,1
48,7,3,1
48,7,4,1
48,7,5,1
48,7,6,1
48,7,7,1
48,7,8,1
48,7,9,1
48,7,10,1
48,7,11,1
48,7,12,1
48,7,13,1
48,7,14,1
48,7,15,1
48,7,16,1
48,7,17,1
48,7,18,1
48,7,19,1
48,8,0,22
49,3,1,22
49,3,2,22
49,3,3,4
49,3,4,4
49,3,5,0
49,3,6,0
49,3,7,0
49,3,8,0
49,3,9,0
49,3,10,0
49,3,11,0
49,3,12,0
49,3,13,0
49,3,14,0
49,3,15,4
49,3,16,4
49,3,17,22
49,3,18,22
49,4,1,22
49,4,2,22
49,4,4,22
49,4,5,0
49,4,14,0
49,4,15,22
49,4,17,22
49,4,18,22
49,5,5,0
49,5,14,0
49,6,3,2
49,6,4,2
49,6,5,0
49,6,6,0
49,6,7,0
49,6,8,0
49,6,9,0
49,6,10,0
49,6,11,0
49,6,12,0
49,6,13,0
49,6,14,0
49,6,15,2
49,6,16,2
49,7,0,1
49,7,1,1
49,7,2,1
49,7,3,1
49,7,4,1
49,7,5,1
49,7,6,1
49,7,7,1
49,7,8,1
49,7,9,1
49,7,10,1
49,7,11,1
49,7,12,1
49,7,13,1
49,7,14,1
49,7,15,1
49,7,16,1
49,7,17,1
49,7,18,1
49,7,19,1
50,3,2,22
50,3,3,22
50,3,4,22
50,3,15,22
50,3,16,22
50,3,17,22
50,4,2,22
50,4,3,22
50,4,4,22
50,4,15,22
50,4,16,22
50,4,17,22
50,7,1,1
50,7,2,1
50,7,3,1
50,7,4,1
50,7,5,1
50,7,6,1
50,7,7,1
50,7,8,1
50,7,9,1
50,7,10,1
50,7,11,1
50,7,12,1
50,7,13,1
50,7,14,1
50,7,15,1
50,7,16,1
50,7,17,1
50,7,18,1
51,7,2,1
51,7,3,1
51,7,4,1
51,7,5,1
51,7,6,1
51,7,7,1
51,7,8,1
51,7,9,1
51,7,10,1
51,7,11,1
51,7,12,1
51,7,13,1
51,7,14,1
51,7,15,1
51,7,16,1
51,7,17,1
52,7,3,1
52,7,4,1
52,7,5,1
52,7,6,1
52,7,7,1
52,7,8,1
52,7,9,1
52,7,10,1
52,7,11,1
52,7,12,1
52,7,13,1
52,7,14,1
52,7,15,1
52,7,16,1
53,7,4,0
53,7,5,0
53,7,6,0
53,7,7,0
53,7,8,0
53,7,9,0
53,7,10,0
53,7,11,0
53,7,12,0
53,7,13,0
53,7,14,0
53,7,15,0
22,8,9,38
28,12,6,38
28,16,6,38
43,8,6,38
43,12,6,38
18,4,9,38
18,1,9,38
43,4,9,38
39,1,9,38
17,8,9,39
25,1,6,12
26,1,6,12
27,1,6,12
25,1,13,12
26,1,13,12
27,1,13,12
24,1,6,40
25,2,6,40
26,2,6,40
27,2,6,40
28,1,6,40
24,1,13,40
25,2,13,40
26,2,13,40
27,2,13,40
28,1,13,40
25,1,12,40
26,1,12,40
27,1,12,40
25,1,7,40
26,1,7,40
27,1,7,40
31,1,5,12
32,1,5,12
33,1,5,12
30,1,14,12
30,1,13,12
30,1,12,12
30,1,5,40
31,1,6,40
32,1,6,40
33,1,6,40
34,1,5,40
31,2,5,40
32,2,5,40
33,2,5,40