88
0,1,0,0
0,1,1,0
0,1,2,0
0,2,0,0
0,2,1,0
0,2,2,0
1,0,1,1
1,1,0,0
1,1,1,0
1,1,2,0
1,1,4,2
1,2,0,0
1,2,1,0
1,2,2,0
1,2,4,3
1,3,4,3
2,0,3,4
2,0,4,5
2,0,5,6
2,1,0,0
2,1,1,0
2,1,2,0
2,1,3,6
2,1,4,5
2,1,5,6
2,2,0,0
2,2,1,0
2,2,2,7
2,2,3,6
2,2,4,8
2,2,5,4
2,3,2,7
2,3,3,6
2,3,4,8
3,0,2,2
3,0,3,5
3,0,4,5
3,0,5,6
3,1,3,6
3,1,4,8
3,1,5,2
3,1,6,9
3,2,2,2
3,2,3,8
3,2,4,10
3,2,5,8
3,3,3,8
3,3,4,10
3,3,5,8
3,4,4,8
3,4,5,9
3,5,4,5
3,5,5,9
3,6,4,2
4,0,3,6
4,0,4,5
4,0,5,5
4,1,3,6
4,1,4,6
4,1,5,6
4,2,3,7
4,2,4,8
4,3,3,7
4,3,4,8
4,4,3,7
4,4,4,2
5,0,4,4
5,1,4,2
5,1,5,0
5,1,6,0
5,1,7,0
5,2,4,6
5,2,5,0
5,2,6,0
5,2,7,0
6,0,6,1
6,1,5,0
6,1,6,0
6,1,7,0
6,2,5,0
6,2,6,0
6,2,7,0
7,1,5,0
7,1,6,0
7,1,7,0
7,2,5,0
7,2,6,0
7,2,7,0