328
0,0,0,0
0,0,1,0
0,0,2,0
0,0,3,0
0,0,4,0
0,0,5,0
0,0,6,0
0,0,7,0
0,0,8,0
0,0,9,0
0,0,10,0
0,1,0,1
0,1,1,1
0,1,2,1
0,1,3,1
0,1,4,1
0,1,5,1
0,1,6,1
0,1,7,1
0,1,8,1
0,1,9,1
0,1,10,1
1,0,1,2
1,0,2,2
1,0,3,2
1,0,4,2
1,0,5,2
1,0,6,2
1,0,7,2
1,0,8,2
2,0,0,2
2,0,1,2
2,0,2,2
2,0,3,2
2,0,4,2
2,0,5,2
2,0,6,2
2,0,7,2
2,0,8,2
2,0,9,2
3,0,0,0
3,0,1,0
3,0,2,0
3,0,3,0
3,0,4,0
3,0,5,0
3,0,6,0
3,0,7,0
3,0,8,0
3,0,9,0
3,1,0,1
3,1,1,1
3,1,2,1
3,1,3,1
3,1,4,1
3,1,5,1
3,1,6,1
3,1,7,1
3,1,8,1
3,1,9,1
4,4,0,3
4,4,1,3
4,4,2,3
4,4,3,3
4,4,4,3
4,4,5,3
4,4,6,3
4,4,7,3
4,4,8,3
5,0,1,4
5,0,2,4
5,0,3,4
5,0,4,4
5,0,5,4
5,0,6,4
5,0,7,4
5,1,1,5
5,1,2,5
5,1,3,5
5,1,4,5
5,1,5,5
5,1,6,6
5,1,7,5
5,2,1,5
5,2,2,7
5,2,3,7
5,2,4,5
5,2,5,5
5,2,6,6
5,2,7,5
5,3,1,5
5,3,2,5
5,3,3,5
5,3,4,5
5,3,5,5
5,3,6,5
5,3,7,5
5,4,0,8
5,4,1,9
5,4,2,9
5,4,3,9
5,4,4,9
5,4,5,9
5,4,6,9
5,4,7,9
5,4,8,8
5,5,0,3
5,5,1,3
5,5,2,3
5,5,3,3
5,5,4,3
5,5,5,3
5,5,6,3
5,5,7,3
5,5,8,3
6,0,1,4
6,0,2,4
6,0,3,4
6,0,4,4
6,0,5,4
6,0,6,4
6,0,7,4
6,1,1,5
6,1,2,10
6,1,3,10
6,1,4,6
6,1,5,6
6,1,6,6
6,1,7,5
6,2,1,5
6,2,2,11
6,2,3,11
6,2,4,6
6,2,5,6
6,2,6,6
6,2,7,5
6,3,1,5
6,3,2,12
6,3,3,6
6,3,4,12
6,3,5,6
6,3,6,12
6,3,7,5
6,4,1,9
6,4,2,6
6,4,3,6
6,4,4,6
6,4,5,6
6,4,6,6
6,4,7,9
6,5,0,8
6,5,1,9
6,5,2,6
6,5,3,6
6,5,4,6
6,5,5,6
6,5,6,6
6,5,7,9
6,5,8,8
6,6,0,3
6,6,1,3
6,6,2,3
6,6,3,3
6,6,4,3
6,6,5,3
6,6,6,3
6,6,7,3
6,6,8,3
7,0,1,4
7,0,2,4
7,0,3,4
7,0,4,4
7,0,5,4
7,0,6,4
7,0,7,4
7,1,1,5
7,1,2,6
7,1,3,6
7,1,4,6
7,1,5,6
7,1,6,6
7,1,7,5
7,2,1,5
7,2,2,13
7,2,3,6
7,2,4,6
7,2,5,6
7,2,6,6
7,2,7,7
7,3,1,5
7,3,2,13
7,3,3,12
7,3,4,12
7,3,5,12
7,3,6,12
7,3,7,5
7,4,1,9
7,4,2,13
7,4,3,6
7,4,4,6
7,4,5,6
7,4,6,14
7,4,7,9
7,5,1,7
7,5,2,6
7,5,3,6
7,5,4,6
7,5,5,6
7,5,6,6
7,5,7,7
7,6,0,15
7,6,1,9
7,6,2,9
7,6,3,9
7,6,4,9
7,6,5,9
7,6,6,9
7,6,7,9
7,6,8,16
8,0,1,4
8,0,2,4
8,0,3,4
8,0,4,4
8,0,5,4
8,0,6,4
8,0,7,4
8,1,1,5
8,1,2,6
8,1,3,6
8,1,4,6
8,1,5,17
8,1,6,18
8,1,7,5
8,2,1,5
8,2,2,6
8,2,3,6
8,2,4,6
8,2,5,6
8,2,6,6
8,2,7,5
8,3,1,5
8,3,2,6
8,3,3,12
8,3,4,12
8,3,5,6
8,3,6,6
8,3,7,5
8,4,1,9
8,4,2,6
8,4,3,6
8,4,4,6
8,4,5,6
8,4,6,6
8,4,7,9
8,5,0,19
8,5,1,9
8,5,2,6
8,5,3,6
8,5,4,6
8,5,5,6
8,5,6,6
8,5,7,9
8,5,8,19
8,6,0,20
8,6,1,20
8,6,2,20
8,6,3,20
8,6,4,20
8,6,5,20
8,6,6,20
8,6,7,20
8,6,8,20
9,0,1,4
9,0,2,4
9,0,3,4
9,0,4,4
9,0,5,4
9,0,6,4
9,0,7,4
9,1,1,5
9,1,2,5
9,1,3,5
9,1,4,5
9,1,5,5
9,1,6,5
9,1,7,5
9,2,1,5
9,2,2,7
9,2,3,7
9,2,4,5
9,2,5,7
9,2,6,7
9,2,7,5
9,3,1,5
9,3,2,5
9,3,3,5
9,3,4,5
9,3,5,5
9,3,6,5
9,3,7,5
9,4,0,19
9,4,1,9
9,4,2,9
9,4,3,9
9,4,4,9
9,4,5,9
9,4,6,9
9,4,7,9
9,4,8,19
9,5,0,20
9,5,1,20
9,5,2,20
9,5,3,20
9,5,4,20
9,5,5,20
9,5,6,20
9,5,7,20
9,5,8,20
10,4,0,20
10,4,1,20
10,4,2,20
10,4,3,20
10,4,4,20
10,4,5,20
10,4,6,20
10,4,7,20
10,4,8,20
7,1,4,21