1277
0,0,10,0
0,0,11,0
0,0,12,0
0,0,13,0
0,0,14,0
0,0,15,0
0,0,16,0
0,0,17,0
0,0,18,0
0,1,10,0
0,1,11,0
0,1,12,0
0,1,13,0
0,1,14,0
0,1,15,0
0,1,16,0
0,1,17,0
0,1,18,0
0,2,10,1
0,2,11,1
0,2,12,2
0,2,13,1
0,2,14,1
0,2,15,3
0,2,16,3
0,2,17,3
0,2,18,3
0,3,10,2
0,3,11,2
0,3,12,2
0,3,13,2
0,3,14,2
0,3,15,4
0,3,16,4
0,3,17,5
0,3,18,5
0,4,10,2
0,4,11,2
0,4,12,2
0,4,13,2
0,4,14,2
0,4,15,2
0,4,16,2
0,4,17,2
0,4,18,5
0,5,10,2
0,5,11,2
0,5,12,2
0,5,13,2
0,5,14,2
0,5,15,2
0,5,16,2
0,5,17,2
0,5,18,2
1,0,10,0
1,0,11,0
1,0,12,0
1,0,13,0
1,0,14,0
1,0,15,0
1,0,16,0
1,0,17,0
1,0,18,0
1,1,10,0
1,1,11,0
1,1,12,0
1,1,13,0
1,1,14,0
1,1,15,0
1,1,16,0
1,1,17,0
1,1,18,0
1,2,10,1
1,2,11,2
1,2,12,2
1,2,13,6
1,2,14,2
1,2,15,2
1,2,16,2
1,2,17,7
1,2,18,3
1,3,10,2
1,3,11,2
1,3,12,2
1,3,13,2
1,3,14,2
1,3,15,2
1,3,16,2
1,3,17,2
1,3,18,5
1,4,10,2
1,4,11,2
1,4,12,2
1,4,13,2
1,4,14,2
1,4,15,2
1,4,16,2
1,4,17,2
1,4,18,5
1,5,10,2
1,5,11,2
1,5,12,2
1,5,13,2
1,5,14,2
1,5,15,2
1,5,16,2
1,5,17,2
1,5,18,2
2,0,10,0
2,0,11,0
2,0,12,0
2,0,13,0
2,0,14,0
2,0,15,0
2,0,16,0
2,0,17,0
2,0,18,0
2,1,10,0
2,1,11,0
2,1,12,0
2,1,13,0
2,1,14,0
2,1,15,0
2,1,16,0
2,1,17,0
2,1,18,0
2,2,10,8
2,2,11,2
2,2,12,2
2,2,13,2
2,2,14,2
2,2,15,2
2,2,16,2
2,2,17,7
2,2,18,3
2,3,10,2
2,3,11,2
2,3,12,2
2,3,13,2
2,3,14,2
2,3,15,2
2,3,16,2
2,3,17,2
2,3,18,4
2,4,10,2
2,4,11,2
2,4,12,2
2,4,13,2
2,4,14,2
2,4,15,2
2,4,16,2
2,4,17,2
2,4,18,2
2,5,10,2
2,5,11,2
2,5,12,2
2,5,13,2
2,5,14,2
2,5,15,2
2,5,16,2
2,5,17,2
2,5,18,2
3,0,10,0
3,0,11,0
3,0,12,0
3,0,13,0
3,0,14,0
3,0,15,0
3,0,16,0
3,0,17,0
3,0,18,0
3,1,10,0
3,1,11,0
3,1,12,0
3,1,13,0
3,1,14,0
3,1,15,0
3,1,16,0
3,1,17,0
3,1,18,0
3,2,10,8
3,2,11,2
3,2,12,2
3,2,13,2
3,2,14,2
3,2,15,9
3,2,16,2
3,2,17,2
3,2,18,3
3,3,10,4
3,3,11,2
3,3,12,2
3,3,13,2
3,3,14,2
3,3,15,2
3,3,16,2
3,3,17,2
3,3,18,4
3,4,10,2
3,4,11,2
3,4,12,2
3,4,13,2
3,4,14,2
3,4,15,2
3,4,16,2
3,4,17,2
3,4,18,2
3,5,10,2
3,5,11,2
3,5,12,2
3,5,13,2
3,5,14,2
3,5,15,2
3,5,16,2
3,5,17,2
3,5,18,2
3,6,10,2
3,6,11,2
3,6,12,2
3,6,13,2
3,6,14,2
3,6,15,2
3,6,16,2
4,0,10,0
4,0,11,0
4,0,12,0
4,0,13,0
4,0,14,0
4,0,15,0
4,0,16,0
4,0,17,0
4,0,18,0
4,1,10,0
4,1,11,10
4,1,12,10
4,1,13,10
4,1,14,10
4,1,15,10
4,1,16,10
4,1,17,10
4,1,18,0
4,2,10,8
4,2,11,2
4,2,12,2
4,2,13,2
4,2,14,2
4,2,15,2
4,2,16,2
4,2,17,2
4,2,18,4
4,3,10,4
4,3,11,2
4,3,12,2
4,3,13,2
4,3,14,2
4,3,15,2
4,3,16,2
4,3,17,2
4,3,18,2
4,4,10,2
4,4,11,2
4,4,12,2
4,4,13,2
4,4,14,2
4,4,15,2
4,4,16,2
4,4,17,2
4,4,18,2
4,5,10,2
4,5,11,2
4,5,12,2
4,5,13,2
4,5,14,2
4,5,15,2
4,5,16,2
4,5,17,2
4,5,18,2
4,6,10,2
4,6,11,2
4,6,12,2
4,6,13,2
4,6,14,2
4,6,15,2
4,6,16,2
4,6,17,2
4,7,10,2
4,7,11,2
5,0,10,0
5,0,11,0
5,0,12,0
5,0,13,0
5,0,14,0
5,0,15,0
5,0,16,0
5,0,17,0
5,0,18,0
5,1,10,0
5,1,11,10
5,1,12,10
5,1,13,10
5,1,14,10
5,1,15,10
5,1,16,10
5,1,17,10
5,1,18,0
5,2,10,8
5,2,11,11
5,2,12,2
5,2,13,12
5,2,14,2
5,2,15,2
5,2,16,2
5,2,17,2
5,2,18,4
5,3,10,8
5,3,11,2
5,3,12,2
5,3,13,2
5,3,14,2
5,3,15,2
5,3,16,2
5,3,17,2
5,3,18,2
5,4,10,2
5,4,11,2
5,4,12,2
5,4,13,2
5,4,14,2
5,4,15,2
5,4,16,2
5,4,17,2
5,4,18,2
5,5,10,2
5,5,11,2
5,5,12,2
5,5,13,2
5,5,14,2
5,5,15,2
5,5,16,2
5,5,17,2
5,5,18,2
5,6,10,2
5,6,11,2
5,6,12,2
5,6,13,2
5,6,14,2
5,6,15,2
5,6,16,2
5,6,17,2
5,6,18,2
5,7,10,2
5,7,11,2
6,0,0,0
6,0,1,0
6,0,2,0
6,0,3,0
6,0,4,0
6,0,5,0
6,0,6,0
6,0,7,0
6,0,8,0
6,0,9,0
6,0,10,0
6,0,11,0
6,0,12,0
6,0,13,0
6,0,14,0
6,0,15,0
6,0,16,0
6,0,17,0
6,0,18,0
6,1,0,0
6,1,1,0
6,1,2,0
6,1,3,0
6,1,4,0
6,1,5,0
6,1,6,0
6,1,7,0
6,1,8,0
6,1,9,0
6,1,10,0
6,1,11,0
6,1,12,0
6,1,13,0
6,1,14,0
6,1,15,0
6,1,16,0
6,1,17,0
6,1,18,0
6,2,0,13
6,2,1,13
6,2,2,13
6,2,3,13
6,2,4,13
6,2,5,13
6,2,6,13
6,2,7,13
6,2,8,13
6,2,9,13
6,2,10,13
6,2,11,13
6,2,12,10
6,2,13,10
6,2,14,14
6,2,15,14
6,2,16,14
6,2,17,14
6,2,18,14
6,3,0,13
6,3,1,13
6,3,2,13
6,3,3,13
6,3,4,13
6,3,5,13
6,3,6,13
6,3,7,13
6,3,8,13
6,3,9,13
6,3,10,13
6,3,11,13
6,3,12,4
6,3,13,2
6,3,14,1
6,3,15,14
6,3,16,14
6,3,17,14
6,3,18,14
6,4,0,13
6,4,1,13
6,4,2,13
6,4,3,13
6,4,4,13
6,4,5,13
6,4,6,13
6,4,7,13
6,4,8,13
6,4,9,13
6,4,10,13
6,4,11,13
6,4,12,2
6,4,13,2
6,4,14,1
6,4,15,2
6,4,16,2
6,4,17,2
6,4,18,14
6,5,0,13
6,5,1,13
6,5,2,13
6,5,3,13
6,5,4,13
6,5,5,13
6,5,6,13
6,5,7,13
6,5,8,13
6,5,9,13
6,5,10,13
6,5,11,13
6,5,12,1
6,5,13,1
6,5,14,1
6,5,15,1
6,5,16,1
6,5,17,1
6,5,18,1
6,6,0,13
6,6,1,13
6,6,2,13
6,6,3,13
6,6,4,13
6,6,5,13
6,6,6,13
6,6,7,13
6,6,8,13
6,6,9,13
6,6,10,13
6,6,11,13
6,6,12,15
6,6,13,15
6,6,14,15
6,6,15,16
6,6,16,16
6,6,17,16
6,6,18,16
6,7,0,4
6,7,1,4
6,7,2,4
6,7,3,4
6,7,4,4
6,7,5,4
6,7,6,4
6,7,7,4
6,7,8,4
6,7,9,4
6,7,10,4
6,7,11,4
6,7,12,2
6,7,13,2
6,7,14,2
6,7,15,2
6,7,16,2
6,7,17,2
6,7,18,2
6,8,0,4
6,8,1,2
6,8,2,2
6,8,3,2
6,8,4,2
6,8,5,4
6,8,6,2
6,8,7,2
6,8,8,2
6,8,9,2
6,8,10,2
6,8,11,2
6,8,12,2
6,8,13,2
6,8,14,2
6,9,0,4
6,9,1,2
6,9,2,2
6,9,3,2
6,9,4,2
6,9,5,4
6,9,6,2
6,9,7,2
6,9,8,2
6,9,9,2
6,9,10,2
6,9,11,2
6,10,0,16
6,10,1,16
6,10,2,16
6,10,3,16
6,10,4,16
6,10,5,16
7,0,0,0
7,0,1,0
7,0,2,0
7,0,3,0
7,0,4,0
7,0,5,0
7,0,6,0
7,0,7,0
7,0,8,0
7,0,9,0
7,0,10,0
7,0,11,0
7,0,12,0
7,0,13,0
7,0,14,0
7,0,15,0
7,0,16,0
7,0,17,0
7,0,18,0
7,1,0,0
7,1,1,0
7,1,2,0
7,1,3,0
7,1,4,0
7,1,5,0
7,1,6,0
7,1,7,0
7,1,8,0
7,1,9,0
7,1,10,0
7,1,11,0
7,1,12,0
7,1,13,0
7,1,14,0
7,1,15,0
7,1,16,0
7,1,17,0
7,1,18,0
7,2,0,13
7,2,1,13
7,2,2,13
7,2,3,13
7,2,4,13
7,2,5,13
7,2,6,13
7,2,7,13
7,2,8,13
7,2,9,13
7,2,10,13
7,2,11,13
7,2,12,10
7,2,13,10
7,2,14,10
7,2,15,10
7,2,16,10
7,2,17,10
7,2,18,14
7,3,0,13
7,3,1,17
7,3,2,18
7,3,3,2
7,3,4,2
7,3,5,2
7,3,6,2
7,3,7,2
7,3,8,2
7,3,9,2
7,3,10,2
7,3,11,2
7,3,12,2
7,3,13,2
7,3,14,2
7,3,15,2
7,3,16,19
7,3,17,20
7,3,18,14
7,4,0,13
7,4,1,2
7,4,2,2
7,4,3,2
7,4,4,2
7,4,5,2
7,4,6,2
7,4,7,2
7,4,8,2
7,4,9,2
7,4,10,2
7,4,11,2
7,4,12,2
7,4,13,2
7,4,14,2
7,4,15,2
7,4,16,2
7,4,17,2
7,4,18,2
7,5,0,13
7,5,1,2
7,5,2,2
7,5,3,2
7,5,4,2
7,5,5,2
7,5,6,2
7,5,7,2
7,5,8,2
7,5,9,2
7,5,10,2
7,5,11,2
7,5,12,2
7,5,13,2
7,5,14,2
7,5,15,2
7,5,16,2
7,5,17,2
7,5,18,1
7,6,0,13
7,6,1,13
7,6,2,13
7,6,3,13
7,6,4,13
7,6,5,13
7,6,6,13
7,6,7,13
7,6,8,13
7,6,9,13
7,6,10,13
7,6,11,13
7,6,12,15
7,6,13,15
7,6,14,15
7,6,15,16
7,6,16,16
7,6,17,16
7,6,18,16
7,7,0,4
7,7,1,6
7,7,2,2
7,7,3,2
7,7,4,2
7,7,5,4
7,7,6,2
7,7,7,2
7,7,8,2
7,7,9,2
7,7,10,2
7,7,11,4
7,7,12,2
7,7,13,2
7,7,14,2
7,7,15,2
7,7,16,2
7,7,17,2
7,7,18,2
7,8,0,2
7,8,1,2
7,8,2,2
7,8,3,2
7,8,4,2
7,8,5,2
7,8,6,2
7,8,7,2
7,8,8,2
7,8,9,2
7,8,10,2
7,8,11,2
7,8,12,2
7,8,13,2
7,8,14,2
7,9,0,2
7,9,1,2
7,9,2,2
7,9,3,2
7,9,4,2
7,9,5,2
7,9,6,2
7,9,7,2
7,9,8,2
7,9,9,2
7,9,10,2
7,9,11,2
7,10,0,16
7,10,1,16
7,10,2,16
7,10,3,16
7,10,4,16
7,10,5,16
8,0,0,0
8,0,1,0
8,0,2,0
8,0,3,0
8,0,4,0
8,0,5,0
8,0,6,0
8,0,7,0
8,0,8,0
8,0,9,0
8,0,10,0
8,0,11,0
8,0,12,0
8,0,13,0
8,0,14,0
8,0,15,0
8,0,16,0
8,0,17,0
8,0,18,0
8,1,0,0
8,1,1,0
8,1,2,0
8,1,3,0
8,1,4,0
8,1,5,0
8,1,6,0
8,1,7,0
8,1,8,0
8,1,9,0
8,1,10,0
8,1,11,0
8,1,12,0
8,1,13,0
8,1,14,0
8,1,15,0
8,1,16,0
8,1,17,0
8,1,18,0
8,2,0,13
8,2,1,13
8,2,2,13
8,2,3,13
8,2,4,13
8,2,5,13
8,2,6,13
8,2,7,13
8,2,8,13
8,2,9,13
8,2,10,13
8,2,11,13
8,2,12,10
8,2,13,10
8,2,14,10
8,2,15,10
8,2,16,10
8,2,17,10
8,2,18,14
8,3,0,13
8,3,1,2
8,3,2,2
8,3,3,2
8,3,4,2
8,3,5,2
8,3,6,2
8,3,7,2
8,3,8,2
8,3,9,2
8,3,10,2
8,3,11,2
8,3,12,2
8,3,13,2
8,3,14,9
8,3,15,2
8,3,16,2
8,3,17,7
8,3,18,14
8,4,0,13
8,4,1,2
8,4,2,2
8,4,3,2
8,4,4,2
8,4,5,2
8,4,6,2
8,4,7,2
8,4,8,2
8,4,9,2
8,4,10,2
8,4,11,2
8,4,12,2
8,4,13,2
8,4,14,2
8,4,15,2
8,4,16,2
8,4,17,2
8,4,18,2
8,5,0,13
8,5,1,2
8,5,2,2
8,5,3,2
8,5,4,2
8,5,5,2
8,5,6,2
8,5,7,2
8,5,8,2
8,5,9,2
8,5,10,2
8,5,11,2
8,5,12,2
8,5,13,2
8,5,14,2
8,5,15,2
8,5,16,2
8,5,17,2
8,5,18,1
8,6,0,13
8,6,1,13
8,6,2,13
8,6,3,13
8,6,4,13
8,6,5,13
8,6,6,13
8,6,7,13
8,6,8,13
8,6,9,13
8,6,10,13
8,6,11,13
8,6,12,15
8,6,13,15
8,6,14,15
8,6,15,16
8,6,16,16
8,6,17,16
8,6,18,16
8,7,0,4
8,7,1,2
8,7,2,2
8,7,3,21
8,7,4,2
8,7,5,2
8,7,6,2
8,7,7,2
8,7,8,2
8,7,9,2
8,7,10,2
8,7,11,4
8,7,12,2
8,7,13,2
8,7,14,2
8,7,15,2
8,7,16,2
8,7,17,2
8,7,18,2
8,8,0,2
8,8,1,2
8,8,2,2
8,8,3,2
8,8,4,2
8,8,5,2
8,8,6,2
8,8,7,2
8,8,8,2
8,8,9,2
8,8,10,2
8,8,11,2
8,8,12,2
8,8,13,2
8,8,14,2
8,9,0,2
8,9,1,2
8,9,2,2
8,9,3,2
8,9,4,2
8,9,5,2
8,9,6,2
8,9,7,2
8,9,8,2
8,9,9,2
8,9,10,2
8,9,11,2
8,10,0,16
8,10,1,16
8,10,2,16
8,10,3,16
8,10,4,16
8,10,5,16
9,0,0,0
9,0,1,0
9,0,2,0
9,0,3,0
9,0,4,0
9,0,5,0
9,0,6,0
9,0,7,0
9,0,8,0
9,0,9,0
9,0,10,0
9,0,11,0
9,0,12,0
9,0,13,0
9,0,14,0
9,0,15,0
9,0,16,0
9,0,17,0
9,0,18,0
9,1,0,0
9,1,1,0
9,1,2,0
9,1,3,0
9,1,4,0
9,1,5,0
9,1,6,0
9,1,7,0
9,1,8,0
9,1,9,0
9,1,10,0
9,1,11,0
9,1,12,0
9,1,13,0
9,1,14,0
9,1,15,0
9,1,16,0
9,1,17,0
9,1,18,0
9,2,0,13
9,2,1,13
9,2,2,13
9,2,3,13
9,2,4,13
9,2,5,13
9,2,6,13
9,2,7,13
9,2,8,13
9,2,9,13
9,2,10,13
9,2,11,13
9,2,12,10
9,2,13,10
9,2,14,10
9,2,15,10
9,2,16,10
9,2,17,10
9,2,18,14
9,3,0,13
9,3,1,22
9,3,2,2
9,3,3,2
9,3,4,2
9,3,5,11
9,3,6,11
9,3,7,2
9,3,8,2
9,3,9,2
9,3,10,2
9,3,11,2
9,3,12,23
9,3,13,2
9,3,14,2
9,3,15,2
9,3,16,2
9,3,17,24
9,3,18,14
9,4,0,13
9,4,1,6
9,4,2,2
9,4,3,2
9,4,4,2
9,4,5,2
9,4,6,2
9,4,7,2
9,4,8,2
9,4,9,2
9,4,10,2
9,4,11,2
9,4,12,23
9,4,13,2
9,4,14,2
9,4,15,2
9,4,16,2
9,4,17,2
9,4,18,2
9,5,0,13
9,5,1,2
9,5,2,2
9,5,3,2
9,5,4,2
9,5,5,2
9,5,6,2
9,5,7,2
9,5,8,2
9,5,9,2
9,5,10,2
9,5,11,2
9,5,12,23
9,5,13,2
9,5,14,2
9,5,15,2
9,5,16,2
9,5,17,2
9,5,18,1
9,6,0,13
9,6,1,13
9,6,2,13
9,6,3,13
9,6,4,13
9,6,5,13
9,6,6,13
9,6,7,13
9,6,8,13
9,6,9,13
9,6,10,13
9,6,11,13
9,6,12,23
9,6,13,15
9,6,14,15
9,6,15,16
9,6,16,16
9,6,17,16
9,6,18,16
9,7,0,4
9,7,1,25
9,7,2,2
9,7,3,2
9,7,4,2
9,7,5,4
9,7,6,2
9,7,7,2
9,7,8,2
9,7,9,2
9,7,10,2
9,7,11,2
9,7,12,2
9,7,13,2
9,7,14,2
9,7,15,2
9,7,16,2
9,7,17,2
9,7,18,2
9,8,0,2
9,8,1,2
9,8,2,2
9,8,3,2
9,8,4,2
9,8,5,2
9,8,6,2
9,8,7,2
9,8,8,2
9,8,9,2
9,8,10,2
9,8,11,2
9,8,12,2
9,8,13,2
9,8,14,2
9,9,0,2
9,9,1,2
9,9,2,2
9,9,3,2
9,9,4,2
9,9,5,2
9,9,6,2
9,9,7,2
9,9,8,2
9,9,9,2
9,9,10,2
9,9,11,2
9,10,0,16
9,10,1,16
9,10,2,16
9,10,3,16
9,10,4,16
9,10,5,16
10,0,0,0
10,0,1,0
10,0,2,0
10,0,3,0
10,0,4,0
10,0,5,0
10,0,6,0
10,0,7,0
10,0,8,0
10,0,9,0
10,0,10,0
10,0,11,0
10,0,12,0
10,0,13,0
10,0,14,0
10,0,15,0
10,0,16,0
10,0,17,0
10,0,18,0
10,1,0,0
10,1,1,0
10,1,2,0
10,1,3,0
10,1,4,0
10,1,5,0
10,1,6,0
10,1,7,0
10,1,8,0
10,1,9,0
10,1,10,0
10,1,11,0
10,1,12,0
10,1,13,0
10,1,14,0
10,1,15,0
10,1,16,0
10,1,17,0
10,1,18,0
10,2,0,13
10,2,1,13
10,2,2,13
10,2,3,13
10,2,4,13
10,2,5,13
10,2,6,13
10,2,7,13
10,2,8,13
10,2,9,13
10,2,10,13
10,2,11,13
10,2,12,10
10,2,13,10
10,2,14,10
10,2,15,14
10,2,16,14
10,2,17,14
10,2,18,14
10,3,0,13
10,3,1,13
10,3,2,13
10,3,3,13
10,3,4,13
10,3,5,13
10,3,6,13
10,3,7,13
10,3,8,13
10,3,9,13
10,3,10,13
10,3,11,13
10,3,12,4
10,3,13,4
10,3,14,4
10,3,15,14
10,3,16,14
10,3,17,14
10,3,18,14
10,4,0,13
10,4,1,13
10,4,2,13
10,4,3,13
10,4,4,13
10,4,5,13
10,4,6,13
10,4,7,13
10,4,8,13
10,4,9,13
10,4,10,13
10,4,11,13
10,4,12,2
10,4,13,2
10,4,14,2
10,4,15,2
10,4,16,2
10,4,17,2
10,4,18,14
10,5,0,13
10,5,1,13
10,5,2,13
10,5,3,13
10,5,4,13
10,5,5,13
10,5,6,13
10,5,7,13
10,5,8,13
10,5,9,13
10,5,10,13
10,5,11,13
10,5,12,1
10,5,13,1
10,5,14,1
10,5,15,1
10,5,16,1
10,5,17,1
10,5,18,1
10,6,0,13
10,6,1,13
10,6,2,13
10,6,3,13
10,6,4,13
10,6,5,13
10,6,6,13
10,6,7,13
10,6,8,13
10,6,9,13
10,6,10,13
10,6,11,13
10,6,12,15
10,6,13,15
10,6,14,15
10,6,15,16
10,6,16,16
10,6,17,16
10,6,18,16
10,7,0,4
10,7,1,4
10,7,2,4
10,7,3,4
10,7,4,4
10,7,5,4
10,7,6,4
10,7,7,8
10,7,8,8
10,7,9,8
10,7,10,8
10,7,11,8
10,7,12,2
10,7,13,2
10,7,14,2
10,7,15,2
10,7,16,2
10,7,17,2
10,7,18,2
10,8,0,4
10,8,1,2
10,8,2,2
10,8,3,2
10,8,4,2
10,8,5,4
10,8,6,2
10,8,7,4
10,8,8,4
10,8,9,8
10,8,10,8
10,8,11,2
10,8,12,2
10,8,13,2
10,8,14,2
10,9,0,4
10,9,1,2
10,9,2,2
10,9,3,2
10,9,4,2
10,9,5,4
10,9,6,2
10,9,7,2
10,9,8,2
10,9,9,2
10,9,10,6
10,9,11,2
10,10,0,16
10,10,1,16
10,10,2,16
10,10,3,16
10,10,4,16
10,10,5,16